  0.400300   401.000000
  0.404800   560.000000
  0.409400   747.000000
  0.413900   910.000000
  0.418400  1046.000000
  0.422900  1207.000000
  0.427400  1377.000000
  0.432000  1512.000000
  0.436500  1660.000000
  0.441000  1862.000000
  0.445600  2113.000000
  0.450100  2319.000000
  0.454700  2476.000000
  0.459200  2619.000000
  0.463700  2695.000000
  0.468300  2691.000000
  0.472800  2598.000000
  0.477400  2535.000000
  0.482000  2474.000000
  0.486500  2384.000000
  0.491100  2210.000000
  0.495600  2065.000000
  0.500200  1918.000000
  0.504800  1751.000000
  0.509400  1559.000000
  0.513900  1402.000000
  0.518500  1222.000000
  0.523100  1047.000000
  0.527700   911.000000
  0.532300   786.000000
  0.536900   665.000000
  0.541500   568.000000
  0.546100   501.000000
  0.550700   435.000000
  0.555200   388.000000
  0.559900   352.000000
  0.564500   326.000000
  0.569100   303.000000
  0.573700   285.000000
  0.578300   273.000000
  0.582900   264.000000
  0.587500   264.000000
  0.592200   256.000000
  0.596800   250.000000
  0.601400   238.000000
  0.606100   242.000000
  0.610700   247.000000
  0.615300   246.000000
  0.620000   237.000000
  0.624600   242.000000
  0.629200   248.000000
  0.633900   250.000000
  0.638600   253.000000
  0.643200   264.000000
  0.647900   262.000000
  0.652500   264.000000
  0.657200   268.000000
  0.661800   275.000000
  0.666500   268.000000
  0.671200   270.000000
  0.675900   263.000000
  0.680500   256.000000
  0.685200   258.000000
  0.689900   283.000000
  0.694600   318.000000
  0.699300   350.000000
  0.703900   383.000000
  0.708600   415.000000
  0.713300   447.000000
  0.718000   479.000000
  0.722700   511.000000
  0.727400   544.000000
  0.732100   576.000000
  0.736800   605.000000
  0.741600   641.000000
  0.746300   723.000000
  0.751000   854.000000
  0.755700  1008.000000
  0.760400  1156.000000
  0.765100  1304.000000
  0.769900  1446.000000
  0.774600  1623.000000
  0.779300  1786.000000
  0.784100  1967.000000
  0.788800  2146.000000
  0.793600  2354.000000
  0.798300  2533.000000
  0.803000  2717.000000
  0.807800  2901.000000
  0.812500  3086.000000
  0.817300  3270.000000
  0.822000  3454.000000
  0.826800  3639.000000
  0.831600  3823.000000
  0.836300  4008.000000
  0.841100  4202.000000
  0.845900  4350.000000
  0.850700  4445.000000
  0.855400  4568.000000
  0.860200  4762.000000
  0.865000  4892.000000
  0.869800  4961.000000
  0.874500  5015.000000
  0.879300  5076.000000
  0.884100  5072.000000
  0.888900  5053.000000
  0.893700  5025.000000
  0.898500  5000.000000
  0.903300  4975.000000
  0.908100  4950.000000
  0.912900  4924.000000
  0.917800  4903.000000
  0.922600  4889.000000
  0.927400  4876.000000
  0.932200  4861.000000
  0.937000  4843.000000
  0.941900  4821.000000
  0.946700  4801.000000
  0.951500  4793.000000
  0.956300  4784.000000
  0.961200  4765.000000
  0.966000  4733.000000
  0.970900  4698.000000
  0.975700  4662.000000
  0.980500  4626.000000
  0.985400  4581.000000
  0.990100  4502.000000
  0.996500  4680.000000
  1.002800  5121.000000
  1.009200  5446.000000
  1.015500  5390.000000
  1.021900  5237.000000
  1.028200  5198.000000
  1.034600  5199.000000
  1.041000  5215.000000
  1.047300  5206.000000
  1.053700  5162.000000
  1.060000  5095.000000
  1.066400  5024.000000
  1.072800  4928.000000
  1.079100  4822.000000
  1.085500  4686.000000
  1.091800  4583.000000
  1.098200  4556.000000
  1.104500  4608.000000
  1.110900  4660.000000
  1.117200  4709.000000
  1.123600  4734.000000
  1.129900  4733.000000
  1.136300  4740.000000
  1.142600  4769.000000
  1.148900  4783.000000
  1.155300  4765.000000
  1.161600  4714.000000
  1.168000  4789.000000
  1.174300  5046.000000
  1.180700  5363.000000
  1.187000  5525.000000
  1.193300  5551.000000
  1.199700  5559.000000
  1.206000  5588.000000
  1.212400  5580.000000
  1.218700  5557.000000
  1.225000  5541.000000
  1.231400  5526.000000
  1.237700  5479.000000
  1.244000  5454.000000
  1.250400  5435.000000
  1.256700  5408.000000
  1.263000  5381.000000
  1.269400  5370.000000
  1.275700  5391.000000
  1.282000  5436.000000
  1.288400  5420.000000
  1.294700  5363.000000
  1.301000  5279.000000
  1.307300  5237.000000
  1.313700  5124.000000
  1.320000  4979.000000
  1.326300  4775.000000
  1.332600  4653.000000
  1.339000  4603.000000
  1.345300  4606.000000
  1.351600  4590.000000
  1.357900  4549.000000
  1.364300  4481.000000
  1.370600  4384.000000
  1.376900  4263.000000
  1.383200  4121.000000
  1.389500  3968.000000
  1.395800  3818.000000
  1.402200  3681.000000
  1.408500  3555.000000
  1.414800  3453.000000
  1.421100  3384.000000
  1.427400  3345.000000
  1.433700  3310.000000
  1.440000  3273.000000
  1.446400  3290.000000
  1.452700  3369.000000
  1.459000  3493.000000
  1.465300  3632.000000
  1.471600  3691.000000
  1.477900  3856.000000
  1.484200  4278.000000
  1.490500  4670.000000
  1.496800  4750.000000
  1.503100  4641.000000
  1.509400  4614.000000
  1.515700  4566.000000
  1.522000  4541.000000
  1.528300  4520.000000
  1.534600  4531.000000
  1.540900  4536.000000
  1.547200  4556.000000
  1.553500  4549.000000
  1.559800  4507.000000
  1.566100  4543.000000
  1.572400  4661.000000
  1.578700  4725.000000
  1.585000  4659.000000
  1.591300  4579.000000
  1.597600  4610.000000
  1.603900  4701.000000
  1.610200  4757.000000
  1.616500  4713.000000
  1.622800  4630.000000
  1.629100  4560.000000
  1.635300  4491.000000
  1.641600  4349.000000
  1.647900  4108.000000
  1.654200  3873.000000
  1.660500  3836.000000
  1.666800  3947.000000
  1.673100  4132.000000
  1.679300  4272.000000
  1.685600  4357.000000
  1.691900  4351.000000
  1.698200  4310.000000
  1.704500  4283.000000
  1.710700  4235.000000
  1.717000  4221.000000
  1.723300  4202.000000
  1.729600  4264.000000
  1.735900  4321.000000
  1.742100  4377.000000
  1.748400  4344.000000
  1.754700  4320.000000
  1.761000  4345.000000
  1.767200  4388.000000
  1.773500  4458.000000
  1.779800  4404.000000
  1.786100  4317.000000
  1.792300  4244.000000
  1.798600  4181.000000
  1.804900  3774.000000
  1.811100  3060.000000
  1.817400  2190.000000
  1.823700  1560.000000
  1.829900  1292.000000
  1.836200  1318.000000
  1.842500  1349.000000
  1.848700  1363.000000
  1.855000  1373.000000
  1.861300  1379.000000
  1.867500  1385.000000
  1.873800  1392.000000
  1.880000  1402.000000
  1.886300  1415.000000
  1.892500  1429.000000
  1.898800  1435.000000
  1.905100  1424.000000
  1.911300  1401.000000
  1.917600  1377.000000
  1.923800  1351.000000
  1.930100  1321.000000
  1.936300  1268.000000
  1.942600  1303.000000
  1.948800  1498.000000
  1.955100  1823.000000
  1.961300  2151.000000
  1.967600  2490.000000
  1.973800  2752.000000
  1.980100  2903.000000
  1.986300  2977.000000
  1.992600  3071.000000
  1.998800  3164.000000
  2.005100  3257.000000
  2.011300  3354.000000
  2.017600  3438.000000
  2.023800  3506.000000
  2.030100  3562.000000
  2.036300  3620.000000
  2.042500  3679.000000
  2.048800  3738.000000
  2.055000  3795.000000
  2.061200  3853.000000
  2.067500  3891.000000
  2.073700  3897.000000
  2.080000  3874.000000
  2.086200  3861.000000
  2.092400  3877.000000
  2.098700  3860.000000
  2.104900  3760.000000
  2.111100  3590.000000
  2.117400  3415.000000
  2.123600  3242.000000
  2.129800  3123.000000
  2.136100  3111.000000
  2.142300  3197.000000
  2.148500  3267.000000
  2.154800  3289.000000
  2.161000  3352.000000
  2.167200  3453.000000
  2.173400  3483.000000
  2.179700  3482.000000
  2.185900  3561.000000
  2.192100  3705.000000
  2.198300  3764.000000
  2.204500  3709.000000
  2.210800  3587.000000
  2.217000  3447.000000
  2.223200  3294.000000
  2.229400  3095.000000
  2.235600  2848.000000
  2.241900  2593.000000
  2.248100  2427.000000
  2.254300  2374.000000
  2.260500  2378.000000
  2.266700  2396.000000
  2.272900  2444.000000
  2.279100  2513.000000
  2.285400  2534.000000
  2.291600  2491.000000
  2.297800  2462.000000
  2.304000  2511.000000
  2.310200  2503.000000
  2.316400  2375.000000
  2.322600  2233.000000
  2.328800  2122.000000
  2.335000  1997.000000
  2.341200  1846.000000
  2.347400  1762.000000
  2.353600  1770.000000
  2.359800  1767.000000
  2.366100  1670.000000
  2.372300  1509.000000
  2.378500  1386.000000
  2.384600  1322.000000
  2.390900  1319.000000
  2.397000  1312.000000
  2.403200  1179.000000
  2.409500   969.000000
  2.415600   864.000000
  2.421800   860.000000
  2.428000   816.000000
  2.434200   664.000000
  2.440400   472.000000
  2.446600   312.000000
  2.452800   275.000000
