  0.395300   328.000000
  0.399700   303.000000
  0.403900   402.000000
  0.408300   513.000000
  0.412500   664.000000
  0.416700   811.000000
  0.421300   963.000000
  0.425700  1064.000000
  0.430100  1119.000000
  0.434600  1211.000000
  0.439100  1391.000000
  0.443600  1576.000000
  0.448100  1808.000000
  0.452600  1992.000000
  0.457100  2134.000000
  0.461600  2235.000000
  0.466100  2285.000000
  0.470700  2305.000000
  0.475200  2311.000000
  0.479700  2306.000000
  0.484200  2245.000000
  0.488700  2128.000000
  0.493200  1995.000000
  0.497700  1860.000000
  0.502300  1700.000000
  0.506800  1538.000000
  0.511300  1375.000000
  0.515700  1233.000000
  0.520100  1094.000000
  0.524800   953.000000
  0.529300   826.000000
  0.533800   728.000000
  0.538300   637.000000
  0.542800   552.000000
  0.547400   481.000000
  0.552000   432.000000
  0.556700   392.000000
  0.561400   359.000000
  0.566000   331.000000
  0.570700   310.000000
  0.575400   291.000000
  0.580000   284.000000
  0.584700   283.000000
  0.589400   282.000000
  0.594000   278.000000
  0.598500   273.000000
  0.603200   272.000000
  0.608100   277.000000
  0.613000   281.000000
  0.617600   280.000000
  0.622000   280.000000
  0.626600   281.000000
  0.631300   287.000000
  0.635900   295.000000
  0.640600   294.000000
  0.645200   295.000000
  0.649900   304.000000
  0.654500   312.000000
  0.659200   319.000000
  0.663800   317.000000
  0.668500   313.000000
  0.673100   307.000000
  0.677800   300.000000
  0.682400   300.000000
  0.687100   312.000000
  0.691700   334.000000
  0.696700   359.000000
  0.700600   377.000000
  0.705500   398.000000
  0.710300   419.000000
  0.715000   442.000000
  0.720000   463.000000
  0.724600   485.000000
  0.729300   508.000000
  0.734000   524.000000
  0.738700   540.000000
  0.743400   583.000000
  0.748100   670.000000
  0.752900   797.000000
  0.757700   943.000000
  0.762600  1077.000000
  0.767400  1213.000000
  0.772200  1355.000000
  0.777100  1516.000000
  0.781900  1691.000000
  0.786700  1864.000000
  0.791600  2025.000000
  0.796400  2177.000000
  0.801300  2323.000000
  0.806000  2472.000000
  0.810700  2621.000000
  0.815600  2772.000000
  0.820600  2924.000000
  0.825300  3074.000000
  0.830100  3218.000000
  0.834900  3376.000000
  0.839700  3517.000000
  0.844500  3653.000000
  0.849300  3761.000000
  0.854100  3891.000000
  0.858900  3944.000000
  0.863700  3979.000000
  0.868500  4025.000000
  0.873300  4115.000000
  0.878100  4198.000000
  0.882900  4235.000000
  0.887700  4164.000000
  0.892500  4109.000000
  0.897300  4051.000000
  0.902100  3998.000000
  0.906900  3944.000000
  0.911700  3889.000000
  0.916500  3834.000000
  0.921300  3780.000000
  0.926100  3726.000000
  0.930900  3674.000000
  0.935800  3615.000000
  0.942300  3549.000000
  0.948700  3475.000000
  0.956000  3396.000000
  0.962200  3314.000000
  0.968400  3234.000000
  0.974600  3155.000000
  0.980800  3077.000000
  0.987000  2993.000000
  0.993200  2927.000000
  0.999400  2893.000000
  1.005600  2899.000000
  1.012000  2927.000000
  1.018500  2945.000000
  1.025000  2949.000000
  1.031500  2958.000000
  1.037900  2987.000000
  1.044400  3011.000000
  1.050900  3069.000000
  1.057100  3122.000000
  1.063200  3141.000000
  1.069400  3028.000000
  1.075500  2915.000000
  1.081700  2844.000000
  1.087800  2861.000000
  1.094000  2882.000000
  1.100200  2874.000000
  1.106400  2837.000000
  1.113000  2861.000000
  1.119500  2852.000000
  1.126000  2834.000000
  1.132500  2806.000000
  1.139100  2774.000000
  1.145600  2740.000000
  1.152100  2710.000000
  1.158400  2661.000000
  1.164500  2626.000000
  1.170500  2657.000000
  1.176700  2766.000000
  1.182700  2867.000000
  1.188800  2931.000000
  1.194900  2916.000000
  1.201200  2926.000000
  1.207500  2965.000000
  1.213800  2998.000000
  1.220100  2990.000000
  1.226400  2985.000000
  1.232700  2974.000000
  1.239000  3009.000000
  1.245300  2997.000000
  1.251600  3011.000000
  1.257800  3087.000000
  1.264100  3140.000000
  1.270300  3161.000000
  1.276600  3121.000000
  1.282800  3038.000000
  1.289100  3025.000000
  1.295400  3017.000000
  1.301600  2981.000000
  1.308100  2952.000000
  1.314500  2925.000000
  1.321000  2900.000000
  1.327400  2866.000000
  1.333800  2805.000000
  1.340300  2740.000000
  1.346700  2679.000000
  1.353000  2631.000000
  1.428400  1524.000000
  1.434700  1491.000000
  1.441100  1469.000000
  1.447400  1470.000000
  1.453800  1494.000000
  1.460200  1554.000000
  1.466600  1587.000000
  1.473100  1611.000000
  1.479500  1731.000000
  1.485900  1887.000000
  1.492400  2081.000000
  1.498800  2217.000000
  1.505200  2264.000000
  1.511400  2298.000000
  1.517600  2343.000000
  1.523800  2366.000000
  1.530000  2429.000000
  1.536200  2464.000000
  1.542500  2507.000000
  1.548700  2525.000000
  1.555000  2521.000000
  1.561300  2552.000000
  1.567600  2611.000000
  1.573900  2669.000000
  1.580200  2693.000000
  1.586500  2661.000000
  1.592800  2637.000000
  1.599100  2665.000000
  1.605400  2683.000000
  1.611700  2679.000000
  1.617900  2635.000000
  1.624200  2607.000000
  1.630500  2615.000000
  1.636700  2607.000000
  1.643000  2541.000000
  1.649300  2444.000000
  1.655600  2357.000000
  1.662100  2339.000000
  1.668600  2379.000000
  1.675000  2443.000000
  1.681500  2499.000000
  1.688000  2527.000000
  1.694500  2527.000000
  1.701000  2521.000000
  1.707300  2527.000000
  1.713300  2530.000000
  1.719300  2485.000000
  1.725300  2445.000000
  1.731300  2424.000000
  1.737300  2444.000000
  1.743300  2474.000000
  1.749300  2479.000000
  1.755700  2451.000000
  1.762100  2460.000000
  1.768500  2437.000000
  1.774900  2399.000000
  1.781300  2332.000000
  1.787700  2307.000000
  1.794100  2293.000000
  1.800500  2200.000000
  1.806900  1925.000000
  1.813300  1484.000000
  1.819700  1043.000000
  1.965300  1373.000000
  1.971500  1521.000000
  1.977700  1619.000000
  1.983900  1679.000000
  1.990100  1730.000000
  1.996300  1797.000000
  2.002500  1858.000000
  2.008900  1926.000000
  2.015200  1991.000000
  2.021600  2043.000000
  2.027900  2079.000000
  2.034200  2103.000000
  2.040500  2124.000000
  2.046900  2150.000000
  2.053200  2173.000000
  2.059500  2200.000000
  2.065800  2225.000000
  2.072100  2240.000000
  2.078400  2233.000000
  2.084700  2212.000000
  2.091000  2188.000000
  2.097300  2156.000000
  2.103600  2094.000000
  2.109900  2002.000000
  2.116300  1927.000000
  2.122600  1890.000000
  2.129000  1893.000000
  2.135300  1913.000000
  2.141600  1936.000000
  2.148000  1950.000000
  2.154300  2008.000000
  2.160400  2064.000000
  2.166600  2078.000000
  2.172800  2076.000000
  2.178900  2051.000000
  2.185100  2042.000000
  2.191200  2113.000000
  2.197400  2158.000000
  2.203500  2171.000000
  2.209800  2132.000000
  2.216200  2007.000000
  2.222500  1884.000000
  2.228900  1805.000000
  2.235200  1709.000000
  2.241600  1596.000000
  2.247900  1511.000000
  2.254300  1487.000000
  2.260600  1528.000000
  2.266800  1582.000000
  2.273100  1592.000000
  2.279300  1572.000000
  2.285600  1572.000000
  2.291800  1557.000000
  2.298100  1535.000000
  2.304300  1511.000000
  2.310600  1478.000000
  2.316800  1424.000000
  2.323000  1346.000000
  2.329200  1241.000000
  2.335500  1152.000000
  2.341700  1091.000000
  2.347900  1038.000000
  2.354100   976.000000
  2.360400   914.000000
  2.367200   877.000000
  2.374000   855.000000
  2.380800   822.000000
  2.387600   780.000000
  2.394400   742.000000
  2.401300   728.000000
  2.407500   727.000000
  2.413800   709.000000
  2.420000   682.000000
  2.426200   654.000000
  2.432500   630.000000
  2.438700   594.000000
  2.445000   525.000000
  2.451200   422.000000
  2.457400   318.000000
  2.463700   221.000000
  2.470000   173.000000
