  0.395300   429.000000
  0.399700   251.000000
  0.403900   327.000000
  0.408300   520.000000
  0.412500   621.000000
  0.416700   710.000000
  0.421300   827.000000
  0.425700   946.000000
  0.430100  1035.000000
  0.434600  1118.000000
  0.439100  1251.000000
  0.443600  1417.000000
  0.448100  1626.000000
  0.452600  1774.000000
  0.457100  1877.000000
  0.461600  1946.000000
  0.466100  1991.000000
  0.470700  2018.000000
  0.475200  2029.000000
  0.479700  2019.000000
  0.484200  1966.000000
  0.488700  1882.000000
  0.493200  1776.000000
  0.497700  1654.000000
  0.502300  1507.000000
  0.506800  1355.000000
  0.511300  1217.000000
  0.515700  1094.000000
  0.520100   967.000000
  0.524800   843.000000
  0.529300   740.000000
  0.533800   657.000000
  0.538300   583.000000
  0.542800   508.000000
  0.547400   446.000000
  0.552000   401.000000
  0.556700   359.000000
  0.561400   330.000000
  0.566000   307.000000
  0.570700   286.000000
  0.575400   266.000000
  0.580000   262.000000
  0.584700   262.000000
  0.589400   266.000000
  0.594000   268.000000
  0.598500   264.000000
  0.603200   259.000000
  0.608100   263.000000
  0.613000   262.000000
  0.617600   265.000000
  0.622000   261.000000
  0.626600   263.000000
  0.631300   268.000000
  0.635900   273.000000
  0.640600   281.000000
  0.645200   291.000000
  0.649900   300.000000
  0.654500   308.000000
  0.659200   303.000000
  0.663800   296.000000
  0.668500   294.000000
  0.673100   288.000000
  0.677800   283.000000
  0.682400   284.000000
  0.687100   301.000000
  0.691700   328.000000
  0.696700   359.000000
  0.700600   384.000000
  0.705500   411.000000
  0.710300   440.000000
  0.715000   469.000000
  0.720000   498.000000
  0.724600   526.000000
  0.729300   555.000000
  0.734000   582.000000
  0.738700   602.000000
  0.743400   638.000000
  0.748100   716.000000
  0.752900   840.000000
  0.757700   994.000000
  0.762600  1146.000000
  0.767400  1295.000000
  0.772200  1442.000000
  0.777100  1595.000000
  0.781900  1761.000000
  0.786700  1941.000000
  0.791600  2130.000000
  0.796400  2321.000000
  0.801300  2500.000000
  0.806000  2681.000000
  0.810700  2865.000000
  0.815600  3050.000000
  0.820600  3236.000000
  0.825300  3420.000000
  0.830100  3595.000000
  0.834900  3796.000000
  0.839700  3967.000000
  0.844500  4103.000000
  0.849300  4232.000000
  0.854100  4340.000000
  0.858900  4486.000000
  0.863700  4657.000000
  0.868500  4788.000000
  0.873300  4897.000000
  0.878100  4945.000000
  0.882900  4926.000000
  0.887700  4896.000000
  0.892500  4842.000000
  0.897300  4790.000000
  0.902100  4744.000000
  0.906900  4695.000000
  0.911700  4646.000000
  0.916500  4598.000000
  0.921300  4550.000000
  0.926100  4502.000000
  0.930900  4455.000000
  0.935800  4401.000000
  0.942300  4341.000000
  0.948700  4272.000000
  0.956000  4199.000000
  0.962200  4125.000000
  0.968400  4051.000000
  0.974600  3979.000000
  0.980800  3911.000000
  0.987000  3815.000000
  0.993200  3761.000000
  0.999400  3793.000000
  1.005600  3913.000000
  1.012000  4029.000000
  1.018500  4071.000000
  1.025000  4043.000000
  1.031500  4036.000000
  1.037900  4050.000000
  1.044400  4103.000000
  1.050900  4098.000000
  1.057100  4093.000000
  1.063200  4057.000000
  1.069400  4010.000000
  1.075500  3997.000000
  1.081700  3982.000000
  1.087800  3934.000000
  1.094000  3910.000000
  1.100200  3871.000000
  1.106400  3876.000000
  1.113000  3900.000000
  1.119500  3896.000000
  1.126000  3878.000000
  1.132500  3844.000000
  1.139100  3805.000000
  1.145600  3763.000000
  1.152100  3726.000000
  1.158400  3665.000000
  1.164500  3620.000000
  1.170500  3683.000000
  1.176700  3817.000000
  1.182700  3945.000000
  1.188800  4034.000000
  1.194900  4028.000000
  1.201200  4030.000000
  1.207500  4057.000000
  1.213800  4070.000000
  1.220100  4081.000000
  1.226400  4105.000000
  1.232700  4130.000000
  1.239000  4185.000000
  1.245300  4201.000000
  1.251600  4223.000000
  1.257800  4291.000000
  1.264100  4338.000000
  1.270300  4362.000000
  1.276600  4336.000000
  1.282800  4268.000000
  1.289100  4280.000000
  1.295400  4286.000000
  1.301600  4234.000000
  1.308100  4200.000000
  1.314500  4182.000000
  1.321000  4159.000000
  1.327400  4117.000000
  1.333800  4003.000000
  1.340300  3883.000000
  1.346700  3785.000000
  1.353000  3698.000000
  1.428400  2002.000000
  1.434700  1946.000000
  1.441100  1907.000000
  1.447400  1896.000000
  1.453800  1915.000000
  1.460200  1978.000000
  1.466600  2007.000000
  1.473100  2027.000000
  1.479500  2160.000000
  1.485900  2342.000000
  1.492400  2571.000000
  1.498800  2729.000000
  1.505200  2777.000000
  1.511400  2807.000000
  1.517600  2863.000000
  1.523800  2896.000000
  1.530000  2971.000000
  1.536200  3027.000000
  1.542500  3098.000000
  1.548700  3147.000000
  1.555000  3179.000000
  1.561300  3232.000000
  1.567600  3308.000000
  1.573900  3374.000000
  1.580200  3390.000000
  1.586500  3372.000000
  1.592800  3378.000000
  1.599100  3440.000000
  1.605400  3478.000000
  1.611700  3490.000000
  1.617900  3433.000000
  1.624200  3364.000000
  1.630500  3337.000000
  1.636700  3325.000000
  1.643000  3268.000000
  1.649300  3163.000000
  1.655600  3037.000000
  1.662100  2997.000000
  1.668600  3066.000000
  1.675000  3184.000000
  1.681500  3283.000000
  1.688000  3320.000000
  1.694500  3308.000000
  1.701000  3284.000000
  1.707300  3271.000000
  1.713300  3255.000000
  1.719300  3208.000000
  1.725300  3170.000000
  1.731300  3176.000000
  1.737300  3222.000000
  1.743300  3261.000000
  1.749300  3263.000000
  1.755700  3254.000000
  1.762100  3297.000000
  1.768500  3300.000000
  1.774900  3246.000000
  1.781300  3131.000000
  1.787700  3069.000000
  1.794100  3049.000000
  1.800500  2914.000000
  1.806900  2541.000000
  1.813300  1953.000000
  1.819700  1367.000000
  1.965300  1640.000000
  1.971500  1814.000000
  1.977700  1925.000000
  1.983900  1988.000000
  1.990100  2041.000000
  1.996300  2113.000000
  2.002500  2180.000000
  2.008900  2251.000000
  2.015200  2320.000000
  2.021600  2381.000000
  2.027900  2432.000000
  2.034200  2474.000000
  2.040500  2515.000000
  2.046900  2560.000000
  2.053200  2599.000000
  2.059500  2641.000000
  2.065800  2680.000000
  2.072100  2690.000000
  2.078400  2696.000000
  2.084700  2711.000000
  2.091000  2695.000000
  2.097300  2632.000000
  2.103600  2532.000000
  2.109900  2419.000000
  2.116300  2333.000000
  2.122600  2263.000000
  2.129000  2226.000000
  2.135300  2232.000000
  2.141600  2288.000000
  2.148000  2326.000000
  2.154300  2388.000000
  2.160400  2482.000000
  2.166600  2525.000000
  2.172800  2548.000000
  2.178900  2540.000000
  2.185100  2500.000000
  2.191200  2540.000000
  2.197400  2594.000000
  2.203500  2636.000000
  2.209800  2612.000000
  2.216200  2452.000000
  2.222500  2291.000000
  2.228900  2129.000000
  2.235200  1946.000000
  2.241600  1795.000000
  2.247900  1664.000000
  2.254300  1644.000000
  2.260600  1731.000000
  2.266800  1813.000000
  2.273100  1892.000000
  2.279300  1926.000000
  2.285600  1922.000000
  2.291800  1910.000000
  2.298100  1887.000000
  2.304300  1813.000000
  2.310600  1711.000000
  2.316800  1592.000000
  2.323000  1502.000000
  2.329200  1434.000000
  2.335500  1400.000000
  2.341700  1375.000000
  2.347900  1344.000000
  2.354100  1279.000000
  2.360400  1206.000000
  2.367200  1145.000000
  2.374000  1118.000000
  2.380800  1099.000000
  2.387600  1081.000000
  2.394400  1044.000000
  2.401300  1005.000000
  2.407500   967.000000
  2.413800   905.000000
  2.420000   803.000000
  2.426200   705.000000
  2.432500   632.000000
  2.438700   603.000000
  2.445000   577.000000
  2.451200   527.000000
  2.457400   457.000000
  2.463700   437.000000
  2.470000   402.000000
