  0.395300   215.000000
  0.399700   229.000000
  0.403900   346.000000
  0.408300   547.000000
  0.412500   715.000000
  0.416700   844.000000
  0.421300   962.000000
  0.425700  1062.000000
  0.430100  1135.000000
  0.434600  1219.000000
  0.439100  1354.000000
  0.443600  1518.000000
  0.448100  1734.000000
  0.452600  1905.000000
  0.457100  2014.000000
  0.461600  2074.000000
  0.466100  2113.000000
  0.470700  2143.000000
  0.475200  2155.000000
  0.479700  2157.000000
  0.484200  2110.000000
  0.488700  2017.000000
  0.493200  1906.000000
  0.497700  1779.000000
  0.502300  1627.000000
  0.506800  1480.000000
  0.511300  1345.000000
  0.515700  1210.000000
  0.520100  1078.000000
  0.524800   940.000000
  0.529300   816.000000
  0.533800   728.000000
  0.538300   652.000000
  0.542800   574.000000
  0.547400   510.000000
  0.552000   457.000000
  0.556700   412.000000
  0.561400   382.000000
  0.566000   356.000000
  0.570700   342.000000
  0.575400   333.000000
  0.580000   329.000000
  0.584700   327.000000
  0.589400   322.000000
  0.594000   314.000000
  0.598500   308.000000
  0.603200   303.000000
  0.608100   310.000000
  0.613000   313.000000
  0.617600   313.000000
  0.622000   313.000000
  0.626600   309.000000
  0.631300   313.000000
  0.635900   322.000000
  0.640600   327.000000
  0.645200   334.000000
  0.649900   341.000000
  0.654500   347.000000
  0.659200   353.000000
  0.663800   351.000000
  0.668500   348.000000
  0.673100   338.000000
  0.677800   328.000000
  0.682400   329.000000
  0.687100   347.000000
  0.691700   378.000000
  0.696700   414.000000
  0.700600   442.000000
  0.705500   472.000000
  0.710300   504.000000
  0.715000   537.000000
  0.720000   569.000000
  0.724600   600.000000
  0.729300   633.000000
  0.734000   662.000000
  0.738700   687.000000
  0.743400   730.000000
  0.748100   813.000000
  0.752900   936.000000
  0.757700  1086.000000
  0.762600  1227.000000
  0.767400  1364.000000
  0.772200  1529.000000
  0.777100  1709.000000
  0.781900  1890.000000
  0.786700  2058.000000
  0.791600  2212.000000
  0.796400  2374.000000
  0.801300  2543.000000
  0.806000  2705.000000
  0.810700  2870.000000
  0.815600  3037.000000
  0.820600  3204.000000
  0.825300  3369.000000
  0.830100  3529.000000
  0.834900  3700.000000
  0.839700  3866.000000
  0.844500  4004.000000
  0.849300  4113.000000
  0.854100  4222.000000
  0.858900  4335.000000
  0.863700  4437.000000
  0.868500  4518.000000
  0.873300  4584.000000
  0.878100  4630.000000
  0.882900  4643.000000
  0.887700  4607.000000
  0.892500  4548.000000
  0.897300  4496.000000
  0.902100  4449.000000
  0.906900  4398.000000
  0.911700  4348.000000
  0.916500  4299.000000
  0.921300  4251.000000
  0.926100  4204.000000
  0.930900  4158.000000
  0.935800  4105.000000
  0.942300  4047.000000
  0.948700  3982.000000
  0.956000  3912.000000
  0.962200  3839.000000
  0.968400  3766.000000
  0.974600  3692.000000
  0.980800  3617.000000
  0.987000  3533.000000
  0.993200  3475.000000
  0.999400  3458.000000
  1.005600  3500.000000
  1.012000  3559.000000
  1.018500  3593.000000
  1.025000  3594.000000
  1.031500  3579.000000
  1.037900  3561.000000
  1.044400  3587.000000
  1.050900  3609.000000
  1.057100  3570.000000
  1.063200  3507.000000
  1.069400  3440.000000
  1.075500  3401.000000
  1.081700  3412.000000
  1.087800  3422.000000
  1.094000  3427.000000
  1.100200  3451.000000
  1.106400  3458.000000
  1.113000  3462.000000
  1.119500  3465.000000
  1.126000  3450.000000
  1.132500  3422.000000
  1.139100  3393.000000
  1.145600  3363.000000
  1.152100  3335.000000
  1.158400  3280.000000
  1.164500  3238.000000
  1.170500  3291.000000
  1.176700  3443.000000
  1.182700  3535.000000
  1.188800  3566.000000
  1.194900  3524.000000
  1.201200  3539.000000
  1.207500  3606.000000
  1.213800  3651.000000
  1.220100  3630.000000
  1.226400  3633.000000
  1.232700  3644.000000
  1.239000  3703.000000
  1.245300  3730.000000
  1.251600  3743.000000
  1.257800  3784.000000
  1.264100  3818.000000
  1.270300  3843.000000
  1.276600  3819.000000
  1.282800  3759.000000
  1.289100  3750.000000
  1.295400  3770.000000
  1.301600  3746.000000
  1.308100  3705.000000
  1.314500  3668.000000
  1.321000  3629.000000
  1.327400  3577.000000
  1.333800  3496.000000
  1.340300  3408.000000
  1.346700  3342.000000
  1.353000  3287.000000
  1.428400  1944.000000
  1.434700  1900.000000
  1.441100  1871.000000
  1.447400  1869.000000
  1.453800  1896.000000
  1.460200  1969.000000
  1.466600  2006.000000
  1.473100  2026.000000
  1.479500  2180.000000
  1.485900  2352.000000
  1.492400  2535.000000
  1.498800  2664.000000
  1.505200  2731.000000
  1.511400  2801.000000
  1.517600  2885.000000
  1.523800  2884.000000
  1.530000  2924.000000
  1.536200  2968.000000
  1.542500  3037.000000
  1.548700  3079.000000
  1.555000  3102.000000
  1.561300  3142.000000
  1.567600  3214.000000
  1.573900  3274.000000
  1.580200  3289.000000
  1.586500  3255.000000
  1.592800  3239.000000
  1.599100  3286.000000
  1.605400  3323.000000
  1.611700  3313.000000
  1.617900  3263.000000
  1.624200  3224.000000
  1.630500  3225.000000
  1.636700  3213.000000
  1.643000  3139.000000
  1.649300  2999.000000
  1.655600  2892.000000
  1.662100  2868.000000
  1.668600  2935.000000
  1.675000  3021.000000
  1.681500  3086.000000
  1.688000  3108.000000
  1.694500  3126.000000
  1.701000  3127.000000
  1.707300  3135.000000
  1.713300  3125.000000
  1.719300  3076.000000
  1.725300  3017.000000
  1.731300  2990.000000
  1.737300  3012.000000
  1.743300  3058.000000
  1.749300  3082.000000
  1.755700  3064.000000
  1.762100  3073.000000
  1.768500  3042.000000
  1.774900  2981.000000
  1.781300  2891.000000
  1.787700  2857.000000
  1.794100  2848.000000
  1.800500  2735.000000
  1.806900  2393.000000
  1.813300  1843.000000
  1.819700  1293.000000
  1.965300  1702.000000
  1.971500  1883.000000
  1.977700  1997.000000
  1.983900  2063.000000
  1.990100  2117.000000
  1.996300  2192.000000
  2.002500  2261.000000
  2.008900  2334.000000
  2.015200  2406.000000
  2.021600  2470.000000
  2.027900  2523.000000
  2.034200  2570.000000
  2.040500  2612.000000
  2.046900  2665.000000
  2.053200  2713.000000
  2.059500  2744.000000
  2.065800  2755.000000
  2.072100  2743.000000
  2.078400  2743.000000
  2.084700  2750.000000
  2.091000  2732.000000
  2.097300  2666.000000
  2.103600  2556.000000
  2.109900  2457.000000
  2.116300  2387.000000
  2.122600  2332.000000
  2.129000  2319.000000
  2.135300  2344.000000
  2.141600  2390.000000
  2.148000  2404.000000
  2.154300  2410.000000
  2.160400  2454.000000
  2.166600  2511.000000
  2.172800  2582.000000
  2.178900  2594.000000
  2.185100  2579.000000
  2.191200  2635.000000
  2.197400  2686.000000
  2.203500  2682.000000
  2.209800  2597.000000
  2.216200  2440.000000
  2.222500  2309.000000
  2.228900  2196.000000
  2.235200  2062.000000
  2.241600  1927.000000
  2.247900  1832.000000
  2.254300  1808.000000
  2.260600  1813.000000
  2.266800  1849.000000
  2.273100  1902.000000
  2.279300  1945.000000
  2.285600  1982.000000
  2.291800  1983.000000
  2.298100  1951.000000
  2.304300  1887.000000
  2.310600  1784.000000
  2.316800  1665.000000
  2.323000  1562.000000
  2.329200  1478.000000
  2.335500  1422.000000
  2.341700  1376.000000
  2.347900  1323.000000
  2.354100  1256.000000
  2.360400  1191.000000
  2.367200  1141.000000
  2.374000  1103.000000
  2.380800  1042.000000
  2.387600   963.000000
  2.394400   893.000000
  2.401300   860.000000
  2.407500   848.000000
  2.413800   818.000000
  2.420000   756.000000
  2.426200   700.000000
  2.432500   665.000000
  2.438700   642.000000
  2.445000   583.000000
  2.451200   499.000000
  2.457400   395.000000
  2.463700   381.000000
  2.470000   361.000000
