  0.395300   868.000000
  0.399700   596.000000
  0.403900   607.000000
  0.408300   718.000000
  0.412500   726.000000
  0.416700   680.000000
  0.421300   660.000000
  0.425700   655.000000
  0.430100   618.000000
  0.434600   555.000000
  0.439100   465.000000
  0.443600   401.000000
  0.448100   401.000000
  0.452600   396.000000
  0.457100   397.000000
  0.461600   389.000000
  0.466100   371.000000
  0.470700   361.000000
  0.475200   351.000000
  0.479700   351.000000
  0.484200   347.000000
  0.488700   343.000000
  0.493200   340.000000
  0.497700   338.000000
  0.502300   330.000000
  0.506800   327.000000
  0.511300   328.000000
  0.515700   330.000000
  0.520100   329.000000
  0.524800   326.000000
  0.529300   324.000000
  0.533800   326.000000
  0.538300   328.000000
  0.542800   323.000000
  0.547400   314.000000
  0.552000   315.000000
  0.556700   318.000000
  0.561400   327.000000
  0.566000   344.000000
  0.570700   366.000000
  0.575400   393.000000
  0.580000   454.000000
  0.584700   552.000000
  0.589400   701.000000
  0.594000   912.000000
  0.598500  1183.000000
  0.603200  1540.000000
  0.608100  2000.000000
  0.613000  2490.000000
  0.617600  2991.000000
  0.622000  3461.000000
  0.626600  3874.000000
  0.631300  4271.000000
  0.635900  4600.000000
  0.640600  4881.000000
  0.645200  5097.000000
  0.649900  5255.000000
  0.654500  5363.000000
  0.659200  5438.000000
  0.663800  5475.000000
  0.668500  5518.000000
  0.673100  5460.000000
  0.677800  5453.000000
  0.682400  5500.000000
  0.687100  5593.000000
  0.691700  5673.000000
  0.696700  5684.000000
  0.700600  5633.000000
  0.705500  5631.000000
  0.710300  5618.000000
  0.715000  5604.000000
  0.720000  5591.000000
  0.724600  5578.000000
  0.729300  5564.000000
  0.734000  5553.000000
  0.738700  5538.000000
  0.743400  5522.000000
  0.748100  5507.000000
  0.752900  5496.000000
  0.757700  5490.000000
  0.762600  5476.000000
  0.767400  5470.000000
  0.772200  5491.000000
  0.777100  5502.000000
  0.781900  5491.000000
  0.786700  5464.000000
  0.791600  5440.000000
  0.796400  5449.000000
  0.801300  5469.000000
  0.806000  5476.000000
  0.810700  5487.000000
  0.815600  5497.000000
  0.820600  5508.000000
  0.825300  5519.000000
  0.830100  5532.000000
  0.834900  5526.000000
  0.839700  5571.000000
  0.844500  5574.000000
  0.849300  5571.000000
  0.854100  5532.000000
  0.858900  5437.000000
  0.863700  5375.000000
  0.868500  5390.000000
  0.873300  5414.000000
  0.878100  5477.000000
  0.882900  5461.000000
  0.887700  5394.000000
  0.892500  5328.000000
  0.897300  5252.000000
  0.902100  5185.000000
  0.906900  5115.000000
  0.911700  5046.000000
  0.916500  4976.000000
  0.921300  4906.000000
  0.926100  4835.000000
  0.930900  4768.000000
  0.935800  4697.000000
  0.942300  4621.000000
  0.948700  4532.000000
  0.956000  4433.000000
  0.962200  4333.000000
  0.968400  4238.000000
  0.974600  4147.000000
  0.980800  4060.000000
  0.987000  3969.000000
  0.993200  3871.000000
  0.999400  3792.000000
  1.005600  3758.000000
  1.012000  3765.000000
  1.018500  3797.000000
  1.025000  3842.000000
  1.031500  3900.000000
  1.037900  3973.000000
  1.044400  4034.000000
  1.050900  4050.000000
  1.057100  4007.000000
  1.063200  3983.000000
  1.069400  3947.000000
  1.075500  3999.000000
  1.081700  4037.000000
  1.087800  4007.000000
  1.094000  3932.000000
  1.100200  3870.000000
  1.106400  3827.000000
  1.113000  3860.000000
  1.119500  3847.000000
  1.126000  3840.000000
  1.132500  3832.000000
  1.139100  3824.000000
  1.145600  3815.000000
  1.152100  3807.000000
  1.158400  3798.000000
  1.164500  3797.000000
  1.170500  3772.000000
  1.176700  3803.000000
  1.182700  3835.000000
  1.188800  3882.000000
  1.194900  3902.000000
  1.201200  3883.000000
  1.207500  3842.000000
  1.213800  3866.000000
  1.220100  3900.000000
  1.226400  3958.000000
  1.232700  3973.000000
  1.239000  3966.000000
  1.245300  3919.000000
  1.251600  3929.000000
  1.257800  4025.000000
  1.264100  4090.000000
  1.270300  4149.000000
  1.276600  4119.000000
  1.282800  3928.000000
  1.289100  3782.000000
  1.295400  3772.000000
  1.301600  3797.000000
  1.308100  3873.000000
  1.314500  3870.000000
  1.321000  3827.000000
  1.327400  3848.000000
  1.333800  3860.000000
  1.340300  3799.000000
  1.346700  3742.000000
  1.353000  3687.000000
  1.428400  3243.000000
  1.434700  3220.000000
  1.441100  3201.000000
  1.447400  3188.000000
  1.453800  3179.000000
  1.460200  3174.000000
  1.466600  3171.000000
  1.473100  3162.000000
  1.479500  3171.000000
  1.485900  3115.000000
  1.492400  3092.000000
  1.498800  3084.000000
  1.505200  3126.000000
  1.511400  3183.000000
  1.517600  3234.000000
  1.523800  3257.000000
  1.530000  3333.000000
  1.536200  3385.000000
  1.542500  3460.000000
  1.548700  3491.000000
  1.555000  3498.000000
  1.561300  3537.000000
  1.567600  3592.000000
  1.573900  3644.000000
  1.580200  3660.000000
  1.586500  3637.000000
  1.592800  3641.000000
  1.599100  3695.000000
  1.605400  3721.000000
  1.611700  3703.000000
  1.617900  3645.000000
  1.624200  3598.000000
  1.630500  3597.000000
  1.636700  3594.000000
  1.643000  3517.000000
  1.649300  3373.000000
  1.655600  3248.000000
  1.662100  3211.000000
  1.668600  3282.000000
  1.675000  3369.000000
  1.681500  3417.000000
  1.688000  3420.000000
  1.694500  3426.000000
  1.701000  3440.000000
  1.707300  3455.000000
  1.713300  3409.000000
  1.719300  3327.000000
  1.725300  3280.000000
  1.731300  3295.000000
  1.737300  3330.000000
  1.743300  3342.000000
  1.749300  3337.000000
  1.755700  3351.000000
  1.762100  3385.000000
  1.768500  3393.000000
  1.774900  3378.000000
  1.781300  3353.000000
  1.787700  3334.000000
  1.794100  3312.000000
  1.800500  3283.000000
  1.806900  3252.000000
  1.813300  3221.000000
  1.819700  3192.000000
  1.965300  3047.000000
  1.971500  3042.000000
  1.977700  3038.000000
  1.983900  3029.000000
  1.990100  3023.000000
  1.996300  3030.000000
  2.002500  3053.000000
  2.008900  3093.000000
  2.015200  3134.000000
  2.021600  3161.000000
  2.027900  3177.000000
  2.034200  3183.000000
  2.040500  3187.000000
  2.046900  3197.000000
  2.053200  3204.000000
  2.059500  3209.000000
  2.065800  3209.000000
  2.072100  3175.000000
  2.078400  3158.000000
  2.084700  3143.000000
  2.091000  3124.000000
  2.097300  3066.000000
  2.103600  2956.000000
  2.109900  2826.000000
  2.116300  2744.000000
  2.122600  2687.000000
  2.129000  2675.000000
  2.135300  2707.000000
  2.141600  2768.000000
  2.148000  2803.000000
  2.154300  2848.000000
  2.160400  2904.000000
  2.166600  2921.000000
  2.172800  2938.000000
  2.178900  2911.000000
  2.185100  2877.000000
  2.191200  2970.000000
  2.197400  3029.000000
  2.203500  3001.000000
  2.209800  2947.000000
  2.216200  2804.000000
  2.222500  2685.000000
  2.228900  2589.000000
  2.235200  2413.000000
  2.241600  2274.000000
  2.247900  2218.000000
  2.254300  2100.000000
  2.260600  2037.000000
  2.266800  2045.000000
  2.273100  2120.000000
  2.279300  2221.000000
  2.285600  2274.000000
  2.291800  2215.000000
  2.298100  2172.000000
  2.304300  2109.000000
  2.310600  2023.000000
  2.316800  1915.000000
  2.323000  1802.000000
  2.329200  1672.000000
  2.335500  1561.000000
  2.341700  1477.000000
  2.347900  1386.000000
  2.354100  1284.000000
  2.360400  1196.000000
  2.367200  1160.000000
  2.374000  1176.000000
  2.380800  1191.000000
  2.387600  1147.000000
  2.394400  1058.000000
  2.401300   961.000000
  2.407500   880.000000
  2.413800   786.000000
  2.420000   670.000000
  2.426200   582.000000
  2.432500   579.000000
  2.438700   634.000000
  2.445000   670.000000
  2.451200   623.000000
  2.457400   512.000000
  2.463700   409.000000
  2.470000   353.000000
