  0.400300   218.000000
  0.404800   170.000000
  0.409400   204.000000
  0.413900   247.000000
  0.418400   262.000000
  0.422900   294.000000
  0.427400   294.000000
  0.432000   289.000000
  0.436500   260.000000
  0.441000   249.000000
  0.445600   255.000000
  0.450100   256.000000
  0.454700   247.000000
  0.459200   241.000000
  0.463700   234.000000
  0.468300   226.000000
  0.472800   218.000000
  0.477400   213.000000
  0.482000   221.000000
  0.486500   226.000000
  0.491100   219.000000
  0.495600   210.000000
  0.500200   213.000000
  0.504800   211.000000
  0.509400   213.000000
  0.513900   220.000000
  0.518500   213.000000
  0.523100   208.000000
  0.527700   208.000000
  0.532300   213.000000
  0.536900   214.000000
  0.541500   220.000000
  0.546100   218.000000
  0.550700   221.000000
  0.555200   236.000000
  0.559900   242.000000
  0.564500   237.000000
  0.569100   250.000000
  0.573700   273.000000
  0.578300   314.000000
  0.582900   391.000000
  0.587500   513.000000
  0.592200   684.000000
  0.596800   940.000000
  0.601400  1269.000000
  0.606100  1710.000000
  0.610700  2251.000000
  0.615300  2851.000000
  0.620000  3448.000000
  0.624600  4001.000000
  0.629200  4467.000000
  0.633900  4845.000000
  0.638600  5150.000000
  0.643200  5393.000000
  0.647900  5530.000000
  0.652500  5640.000000
  0.657200  5681.000000
  0.661800  5725.000000
  0.666500  5727.000000
  0.671200  5739.000000
  0.675900  5723.000000
  0.680500  5747.000000
  0.685200  5798.000000
  0.689900  5855.000000
  0.694600  5896.000000
  0.699300  5940.000000
  0.703900  5984.000000
  0.708600  6027.000000
  0.713300  6071.000000
  0.718000  6115.000000
  0.722700  6158.000000
  0.727400  6202.000000
  0.732100  6246.000000
  0.736800  6301.000000
  0.741600  6302.000000
  0.746300  6281.000000
  0.751000  6270.000000
  0.755700  6310.000000
  0.760400  6340.000000
  0.765100  6370.000000
  0.769900  6402.000000
  0.774600  6425.000000
  0.779300  6435.000000
  0.784100  6450.000000
  0.788800  6466.000000
  0.793600  6468.000000
  0.798300  6456.000000
  0.803000  6448.000000
  0.807800  6439.000000
  0.812500  6430.000000
  0.817300  6421.000000
  0.822000  6412.000000
  0.826800  6403.000000
  0.831600  6395.000000
  0.836300  6379.000000
  0.841100  6400.000000
  0.845900  6435.000000
  0.850700  6451.000000
  0.855400  6391.000000
  0.860200  6347.000000
  0.865000  6329.000000
  0.869800  6346.000000
  0.874500  6381.000000
  0.879300  6427.000000
  0.884100  6440.000000
  0.888900  6408.000000
  0.893700  6369.000000
  0.898500  6333.000000
  0.903300  6298.000000
  0.908100  6262.000000
  0.912900  6227.000000
  0.917800  6191.000000
  0.922600  6156.000000
  0.927400  6121.000000
  0.932200  6086.000000
  0.937000  6051.000000
  0.941900  6015.000000
  0.946700  5979.000000
  0.951500  5944.000000
  0.956300  5909.000000
  0.961200  5874.000000
  0.966000  5837.000000
  0.970900  5800.000000
  0.975700  5763.000000
  0.980500  5727.000000
  0.985400  5690.000000
  0.990100  5615.000000
  0.996500  5733.000000
  1.002800  5955.000000
  1.009200  6049.000000
  1.015500  5959.000000
  1.021900  5927.000000
  1.028200  5958.000000
  1.034600  5948.000000
  1.041000  5975.000000
  1.047300  5986.000000
  1.053700  5973.000000
  1.060000  5952.000000
  1.066400  5943.000000
  1.072800  5921.000000
  1.079100  5885.000000
  1.085500  5788.000000
  1.091800  5689.000000
  1.098200  5653.000000
  1.104500  5688.000000
  1.110900  5708.000000
  1.117200  5729.000000
  1.123600  5747.000000
  1.129900  5762.000000
  1.136300  5778.000000
  1.142600  5795.000000
  1.148900  5811.000000
  1.155300  5825.000000
  1.161600  5837.000000
  1.168000  5859.000000
  1.174300  5886.000000
  1.180700  5967.000000
  1.187000  6059.000000
  1.193300  6115.000000
  1.199700  6133.000000
  1.206000  6165.000000
  1.212400  6154.000000
  1.218700  6135.000000
  1.225000  6125.000000
  1.231400  6116.000000
  1.237700  6060.000000
  1.244000  6023.000000
  1.250400  5995.000000
  1.256700  5973.000000
  1.263000  5948.000000
  1.269400  5935.000000
  1.275700  5952.000000
  1.282000  5980.000000
  1.288400  5946.000000
  1.294700  5887.000000
  1.301000  5816.000000
  1.307300  5779.000000
  1.313700  5655.000000
  1.320000  5469.000000
  1.326300  5308.000000
  1.332600  5270.000000
  1.339000  5279.000000
  1.345300  5259.000000
  1.351600  5232.000000
  1.357900  5203.000000
  1.364300  5177.000000
  1.370600  5158.000000
  1.376900  5146.000000
  1.383200  5143.000000
  1.389500  5148.000000
  1.395800  5157.000000
  1.402200  5169.000000
  1.408500  5181.000000
  1.414800  5194.000000
  1.421100  5207.000000
  1.427400  5223.000000
  1.433700  5245.000000
  1.440000  5274.000000
  1.446400  5311.000000
  1.452700  5357.000000
  1.459000  5410.000000
  1.465300  5466.000000
  1.471600  5522.000000
  1.477900  5566.000000
  1.484200  5612.000000
  1.490500  5588.000000
  1.496800  5539.000000
  1.503100  5462.000000
  1.509400  5430.000000
  1.515700  5360.000000
  1.522000  5318.000000
  1.528300  5287.000000
  1.534600  5298.000000
  1.540900  5294.000000
  1.547200  5294.000000
  1.553500  5271.000000
  1.559800  5216.000000
  1.566100  5254.000000
  1.572400  5388.000000
  1.578700  5464.000000
  1.585000  5381.000000
  1.591300  5275.000000
  1.597600  5309.000000
  1.603900  5427.000000
  1.610200  5504.000000
  1.616500  5451.000000
  1.622800  5344.000000
  1.629100  5257.000000
  1.635300  5194.000000
  1.641600  5066.000000
  1.647900  4820.000000
  1.654200  4566.000000
  1.660500  4529.000000
  1.666800  4650.000000
  1.673100  4827.000000
  1.679300  4932.000000
  1.685600  4995.000000
  1.691900  4984.000000
  1.698200  4936.000000
  1.704500  4882.000000
  1.710700  4799.000000
  1.717000  4761.000000
  1.723300  4709.000000
  1.729600  4731.000000
  1.735900  4765.000000
  1.742100  4834.000000
  1.748400  4806.000000
  1.754700  4779.000000
  1.761000  4820.000000
  1.767200  4894.000000
  1.773500  4951.000000
  1.779800  4969.000000
  1.786100  4975.000000
  1.792300  4942.000000
  1.798600  4907.000000
  1.804900  4867.000000
  1.811100  4823.000000
  1.817400  4779.000000
  1.823700  4737.000000
  1.829900  4699.000000
  1.836200  4667.000000
  1.842500  4640.000000
  1.848700  4619.000000
  1.855000  4602.000000
  1.861300  4587.000000
  1.867500  4575.000000
  1.873800  4563.000000
  1.880000  4552.000000
  1.886300  4540.000000
  1.892500  4529.000000
  1.898800  4520.000000
  1.905100  4514.000000
  1.911300  4512.000000
  1.917600  4516.000000
  1.923800  4524.000000
  1.930100  4537.000000
  1.936300  4556.000000
  1.942600  4568.000000
  1.948800  4567.000000
  1.955100  4557.000000
  1.961300  4549.000000
  1.967600  4541.000000
  1.973800  4533.000000
  1.980100  4525.000000
  1.986300  4517.000000
  1.992600  4503.000000
  1.998800  4511.000000
  2.005100  4548.000000
  2.011300  4609.000000
  2.017600  4651.000000
  2.023800  4672.000000
  2.030100  4679.000000
  2.036300  4690.000000
  2.042500  4701.000000
  2.048800  4711.000000
  2.055000  4722.000000
  2.061200  4738.000000
  2.067500  4734.000000
  2.073700  4700.000000
  2.080000  4640.000000
  2.086200  4596.000000
  2.092400  4616.000000
  2.098700  4620.000000
  2.104900  4510.000000
  2.111100  4293.000000
  2.117400  4089.000000
  2.123600  3931.000000
  2.129800  3844.000000
  2.136100  3834.000000
  2.142300  3911.000000
  2.148500  3998.000000
  2.154800  4026.000000
  2.161000  4064.000000
  2.167200  4125.000000
  2.173400  4162.000000
  2.179700  4185.000000
  2.185900  4252.000000
  2.192100  4373.000000
  2.198300  4409.000000
  2.204500  4296.000000
  2.210800  4111.000000
  2.217000  3990.000000
  2.223200  3902.000000
  2.229400  3708.000000
  2.235600  3416.000000
  2.241900  3069.000000
  2.248100  2781.000000
  2.254300  2653.000000
  2.260500  2622.000000
  2.266700  2619.000000
  2.272900  2660.000000
  2.279100  2764.000000
  2.285400  2762.000000
  2.291600  2664.000000
  2.297800  2660.000000
  2.304000  2767.000000
  2.310200  2724.000000
  2.316400  2543.000000
  2.322600  2409.000000
  2.328800  2353.000000
  2.335000  2231.000000
  2.341200  2043.000000
  2.347400  1969.000000
  2.353600  2046.000000
  2.359800  2095.000000
  2.366100  1977.000000
  2.372300  1803.000000
  2.378500  1672.000000
  2.384600  1586.000000
  2.390900  1550.000000
  2.397000  1558.000000
  2.403200  1468.000000
  2.409500  1230.000000
  2.415600  1023.000000
  2.421800   956.000000
  2.428000   916.000000
  2.434200   784.000000
  2.440400   602.000000
  2.446600   438.000000
  2.452800   386.000000
