  0.395300   841.000000
  0.399700   564.000000
  0.403900   512.000000
  0.408300   652.000000
  0.412500   700.000000
  0.416700   684.000000
  0.421300   634.000000
  0.425700   603.000000
  0.430100   572.000000
  0.434600   530.000000
  0.439100   479.000000
  0.443600   406.000000
  0.448100   385.000000
  0.452600   374.000000
  0.457100   378.000000
  0.461600   374.000000
  0.466100   361.000000
  0.470700   341.000000
  0.475200   325.000000
  0.479700   330.000000
  0.484200   336.000000
  0.488700   337.000000
  0.493200   343.000000
  0.497700   337.000000
  0.502300   328.000000
  0.506800   320.000000
  0.511300   321.000000
  0.515700   327.000000
  0.520100   333.000000
  0.524800   337.000000
  0.529300   335.000000
  0.533800   335.000000
  0.538300   333.000000
  0.542800   330.000000
  0.547400   334.000000
  0.552000   340.000000
  0.556700   339.000000
  0.561400   343.000000
  0.566000   350.000000
  0.570700   366.000000
  0.575400   392.000000
  0.580000   441.000000
  0.584700   531.000000
  0.589400   666.000000
  0.594000   847.000000
  0.598500  1094.000000
  0.603200  1434.000000
  0.608100  1879.000000
  0.613000  2371.000000
  0.617600  2877.000000
  0.622000  3358.000000
  0.626600  3800.000000
  0.631300  4194.000000
  0.635900  4497.000000
  0.640600  4749.000000
  0.645200  4940.000000
  0.649900  5093.000000
  0.654500  5214.000000
  0.659200  5292.000000
  0.663800  5334.000000
  0.668500  5358.000000
  0.673100  5298.000000
  0.677800  5287.000000
  0.682400  5326.000000
  0.687100  5417.000000
  0.691700  5514.000000
  0.696700  5570.000000
  0.700600  5589.000000
  0.705500  5636.000000
  0.710300  5679.000000
  0.715000  5724.000000
  0.720000  5768.000000
  0.724600  5811.000000
  0.729300  5850.000000
  0.734000  5903.000000
  0.738700  5942.000000
  0.743400  5955.000000
  0.748100  5949.000000
  0.752900  5939.000000
  0.757700  5942.000000
  0.762600  5967.000000
  0.767400  5968.000000
  0.772200  5982.000000
  0.777100  5999.000000
  0.781900  6013.000000
  0.786700  6023.000000
  0.791600  6026.000000
  0.796400  6025.000000
  0.801300  6038.000000
  0.806000  6045.000000
  0.810700  6052.000000
  0.815600  6060.000000
  0.820600  6067.000000
  0.825300  6075.000000
  0.830100  6083.000000
  0.834900  6089.000000
  0.839700  6097.000000
  0.844500  6113.000000
  0.849300  6112.000000
  0.854100  6097.000000
  0.858900  6130.000000
  0.863700  6178.000000
  0.868500  6194.000000
  0.873300  6171.000000
  0.878100  6111.000000
  0.882900  6059.000000
  0.887700  6028.000000
  0.892500  5962.000000
  0.897300  5888.000000
  0.902100  5824.000000
  0.906900  5757.000000
  0.911700  5690.000000
  0.916500  5624.000000
  0.921300  5557.000000
  0.926100  5490.000000
  0.930900  5425.000000
  0.935800  5357.000000
  0.942300  5284.000000
  0.948700  5199.000000
  0.956000  5105.000000
  0.962200  5009.000000
  0.968400  4918.000000
  0.974600  4831.000000
  0.980800  4753.000000
  0.987000  4645.000000
  0.993200  4566.000000
  0.999400  4534.000000
  1.005600  4559.000000
  1.012000  4614.000000
  1.018500  4641.000000
  1.025000  4623.000000
  1.031500  4601.000000
  1.037900  4578.000000
  1.044400  4591.000000
  1.050900  4610.000000
  1.057100  4670.000000
  1.063200  4731.000000
  1.069400  4796.000000
  1.075500  4814.000000
  1.081700  4752.000000
  1.087800  4649.000000
  1.094000  4580.000000
  1.100200  4536.000000
  1.106400  4544.000000
  1.113000  4535.000000
  1.119500  4521.000000
  1.126000  4508.000000
  1.132500  4494.000000
  1.139100  4478.000000
  1.145600  4462.000000
  1.152100  4447.000000
  1.158400  4431.000000
  1.164500  4419.000000
  1.170500  4403.000000
  1.176700  4422.000000
  1.182700  4416.000000
  1.188800  4431.000000
  1.194900  4453.000000
  1.201200  4477.000000
  1.207500  4489.000000
  1.213800  4490.000000
  1.220100  4486.000000
  1.226400  4532.000000
  1.232700  4568.000000
  1.239000  4600.000000
  1.245300  4585.000000
  1.251600  4584.000000
  1.257800  4675.000000
  1.264100  4738.000000
  1.270300  4770.000000
  1.276600  4730.000000
  1.282800  4634.000000
  1.289100  4614.000000
  1.295400  4622.000000
  1.301600  4581.000000
  1.308100  4562.000000
  1.314500  4525.000000
  1.321000  4495.000000
  1.327400  4474.000000
  1.333800  4410.000000
  1.340300  4338.000000
  1.346700  4268.000000
  1.353000  4190.000000
  1.428400  3537.000000
  1.434700  3499.000000
  1.441100  3464.000000
  1.447400  3435.000000
  1.453800  3412.000000
  1.460200  3391.000000
  1.466600  3374.000000
  1.473100  3352.000000
  1.479500  3338.000000
  1.485900  3261.000000
  1.492400  3248.000000
  1.498800  3283.000000
  1.505200  3374.000000
  1.511400  3454.000000
  1.517600  3495.000000
  1.523800  3516.000000
  1.530000  3613.000000
  1.536200  3675.000000
  1.542500  3750.000000
  1.548700  3787.000000
  1.555000  3798.000000
  1.561300  3845.000000
  1.567600  3927.000000
  1.573900  3991.000000
  1.580200  4014.000000
  1.586500  3979.000000
  1.592800  3970.000000
  1.599100  4038.000000
  1.605400  4096.000000
  1.611700  4097.000000
  1.617900  4052.000000
  1.624200  4026.000000
  1.630500  4053.000000
  1.636700  4044.000000
  1.643000  3968.000000
  1.649300  3839.000000
  1.655600  3727.000000
  1.662100  3709.000000
  1.668600  3776.000000
  1.675000  3839.000000
  1.681500  3874.000000
  1.688000  3860.000000
  1.694500  3840.000000
  1.701000  3850.000000
  1.707300  3869.000000
  1.713300  3849.000000
  1.719300  3778.000000
  1.725300  3692.000000
  1.731300  3643.000000
  1.737300  3661.000000
  1.743300  3698.000000
  1.749300  3720.000000
  1.755700  3716.000000
  1.762100  3716.000000
  1.768500  3718.000000
  1.774900  3714.000000
  1.781300  3687.000000
  1.787700  3652.000000
  1.794100  3611.000000
  1.800500  3568.000000
  1.806900  3522.000000
  1.813300  3475.000000
  1.819700  3431.000000
  1.965300  3060.000000
  1.971500  3062.000000
  1.977700  3065.000000
  1.983900  3063.000000
  1.990100  3064.000000
  1.996300  3077.000000
  2.002500  3107.000000
  2.008900  3154.000000
  2.015200  3201.000000
  2.021600  3235.000000
  2.027900  3257.000000
  2.034200  3271.000000
  2.040500  3282.000000
  2.046900  3301.000000
  2.053200  3313.000000
  2.059500  3327.000000
  2.065800  3332.000000
  2.072100  3274.000000
  2.078400  3222.000000
  2.084700  3221.000000
  2.091000  3226.000000
  2.097300  3203.000000
  2.103600  3122.000000
  2.109900  3034.000000
  2.116300  3020.000000
  2.122600  3007.000000
  2.129000  2968.000000
  2.135300  2972.000000
  2.141600  3042.000000
  2.148000  3084.000000
  2.154300  3116.000000
  2.160400  3143.000000
  2.166600  3142.000000
  2.172800  3205.000000
  2.178900  3233.000000
  2.185100  3217.000000
  2.191200  3271.000000
  2.197400  3282.000000
  2.203500  3256.000000
  2.209800  3209.000000
  2.216200  3076.000000
  2.222500  2932.000000
  2.228900  2780.000000
  2.235200  2624.000000
  2.241600  2506.000000
  2.247900  2432.000000
  2.254300  2344.000000
  2.260600  2234.000000
  2.266800  2169.000000
  2.273100  2188.000000
  2.279300  2245.000000
  2.285600  2328.000000
  2.291800  2357.000000
  2.298100  2350.000000
  2.304300  2289.000000
  2.310600  2165.000000
  2.316800  2016.000000
  2.323000  1893.000000
  2.329200  1787.000000
  2.335500  1713.000000
  2.341700  1664.000000
  2.347900  1623.000000
  2.354100  1556.000000
  2.360400  1453.000000
  2.367200  1354.000000
  2.374000  1278.000000
  2.380800  1211.000000
  2.387600  1152.000000
  2.394400  1103.000000
  2.401300  1095.000000
  2.407500  1103.000000
  2.413800  1068.000000
  2.420000   971.000000
  2.426200   868.000000
  2.432500   805.000000
  2.438700   768.000000
  2.445000   705.000000
  2.451200   610.000000
  2.457400   513.000000
  2.463700   499.000000
  2.470000   458.000000
