  0.395300   715.000000
  0.399700   527.000000
  0.403900   506.000000
  0.408300   572.000000
  0.412500   608.000000
  0.416700   597.000000
  0.421300   564.000000
  0.425700   526.000000
  0.430100   485.000000
  0.434600   444.000000
  0.439100   400.000000
  0.443600   359.000000
  0.448100   354.000000
  0.452600   348.000000
  0.457100   339.000000
  0.461600   326.000000
  0.466100   313.000000
  0.470700   310.000000
  0.475200   308.000000
  0.479700   312.000000
  0.484200   314.000000
  0.488700   305.000000
  0.493200   296.000000
  0.497700   289.000000
  0.502300   285.000000
  0.506800   286.000000
  0.511300   290.000000
  0.515700   295.000000
  0.520100   306.000000
  0.524800   312.000000
  0.529300   308.000000
  0.533800   303.000000
  0.538300   296.000000
  0.542800   292.000000
  0.547400   291.000000
  0.552000   290.000000
  0.556700   289.000000
  0.561400   295.000000
  0.566000   307.000000
  0.570700   334.000000
  0.575400   359.000000
  0.580000   410.000000
  0.584700   502.000000
  0.589400   638.000000
  0.594000   826.000000
  0.598500  1071.000000
  0.603200  1395.000000
  0.608100  1831.000000
  0.613000  2295.000000
  0.617600  2741.000000
  0.622000  3153.000000
  0.626600  3537.000000
  0.631300  3899.000000
  0.635900  4210.000000
  0.640600  4456.000000
  0.645200  4625.000000
  0.649900  4762.000000
  0.654500  4881.000000
  0.659200  4970.000000
  0.663800  5004.000000
  0.668500  5026.000000
  0.673100  4958.000000
  0.677800  4946.000000
  0.682400  5000.000000
  0.687100  5107.000000
  0.691700  5223.000000
  0.696700  5314.000000
  0.700600  5337.000000
  0.705500  5402.000000
  0.710300  5462.000000
  0.715000  5524.000000
  0.720000  5584.000000
  0.724600  5643.000000
  0.729300  5698.000000
  0.734000  5769.000000
  0.738700  5825.000000
  0.743400  5851.000000
  0.748100  5854.000000
  0.752900  5852.000000
  0.757700  5866.000000
  0.762600  5884.000000
  0.767400  5906.000000
  0.772200  5974.000000
  0.777100  6013.000000
  0.781900  5998.000000
  0.786700  5946.000000
  0.791600  5898.000000
  0.796400  5911.000000
  0.801300  5948.000000
  0.806000  5959.000000
  0.810700  5976.000000
  0.815600  5993.000000
  0.820600  6011.000000
  0.825300  6028.000000
  0.830100  6044.000000
  0.834900  6070.000000
  0.839700  6064.000000
  0.844500  6096.000000
  0.849300  6117.000000
  0.854100  6171.000000
  0.858900  6165.000000
  0.863700  6099.000000
  0.868500  6017.000000
  0.873300  6012.000000
  0.878100  6020.000000
  0.882900  6040.000000
  0.887700  5972.000000
  0.892500  5888.000000
  0.897300  5802.000000
  0.902100  5725.000000
  0.906900  5645.000000
  0.911700  5564.000000
  0.916500  5485.000000
  0.921300  5404.000000
  0.926100  5323.000000
  0.930900  5245.000000
  0.935800  5164.000000
  0.942300  5076.000000
  0.948700  4973.000000
  0.956000  4859.000000
  0.962200  4744.000000
  0.968400  4635.000000
  0.974600  4530.000000
  0.980800  4436.000000
  0.987000  4312.000000
  0.993200  4211.000000
  0.999400  4165.000000
  1.005600  4191.000000
  1.012000  4271.000000
  1.018500  4347.000000
  1.025000  4390.000000
  1.031500  4427.000000
  1.037900  4411.000000
  1.044400  4428.000000
  1.050900  4444.000000
  1.057100  4420.000000
  1.063200  4424.000000
  1.069400  4458.000000
  1.075500  4479.000000
  1.081700  4486.000000
  1.087800  4414.000000
  1.094000  4339.000000
  1.100200  4322.000000
  1.106400  4311.000000
  1.113000  4286.000000
  1.119500  4262.000000
  1.126000  4237.000000
  1.132500  4210.000000
  1.139100  4182.000000
  1.145600  4154.000000
  1.152100  4127.000000
  1.158400  4099.000000
  1.164500  4078.000000
  1.170500  4047.000000
  1.176700  4052.000000
  1.182700  4053.000000
  1.188800  4072.000000
  1.194900  4095.000000
  1.201200  4115.000000
  1.207500  4103.000000
  1.213800  4123.000000
  1.220100  4129.000000
  1.226400  4175.000000
  1.232700  4229.000000
  1.239000  4255.000000
  1.245300  4238.000000
  1.251600  4246.000000
  1.257800  4311.000000
  1.264100  4377.000000
  1.270300  4401.000000
  1.276600  4344.000000
  1.282800  4268.000000
  1.289100  4275.000000
  1.295400  4298.000000
  1.301600  4268.000000
  1.308100  4218.000000
  1.314500  4139.000000
  1.321000  4083.000000
  1.327400  4044.000000
  1.333800  3980.000000
  1.340300  3915.000000
  1.346700  3837.000000
  1.353000  3758.000000
  1.428400  3060.000000
  1.434700  3016.000000
  1.441100  2975.000000
  1.447400  2939.000000
  1.453800  2907.000000
  1.460200  2878.000000
  1.466600  2850.000000
  1.473100  2819.000000
  1.479500  2793.000000
  1.485900  2724.000000
  1.492400  2691.000000
  1.498800  2692.000000
  1.505200  2748.000000
  1.511400  2816.000000
  1.517600  2878.000000
  1.523800  2917.000000
  1.530000  2998.000000
  1.536200  3069.000000
  1.542500  3149.000000
  1.548700  3196.000000
  1.555000  3220.000000
  1.561300  3274.000000
  1.567600  3358.000000
  1.573900  3421.000000
  1.580200  3438.000000
  1.586500  3409.000000
  1.592800  3409.000000
  1.599100  3478.000000
  1.605400  3521.000000
  1.611700  3524.000000
  1.617900  3497.000000
  1.624200  3471.000000
  1.630500  3477.000000
  1.636700  3459.000000
  1.643000  3360.000000
  1.649300  3213.000000
  1.655600  3103.000000
  1.662100  3090.000000
  1.668600  3164.000000
  1.675000  3246.000000
  1.681500  3284.000000
  1.688000  3297.000000
  1.694500  3313.000000
  1.701000  3314.000000
  1.707300  3314.000000
  1.713300  3296.000000
  1.719300  3239.000000
  1.725300  3171.000000
  1.731300  3127.000000
  1.737300  3134.000000
  1.743300  3197.000000
  1.749300  3236.000000
  1.755700  3207.000000
  1.762100  3170.000000
  1.768500  3152.000000
  1.774900  3161.000000
  1.781300  3168.000000
  1.787700  3140.000000
  1.794100  3097.000000
  1.800500  3061.000000
  1.806900  3022.000000
  1.813300  2982.000000
  1.819700  2944.000000
  1.965300  2614.000000
  1.971500  2613.000000
  1.977700  2614.000000
  1.983900  2609.000000
  1.990100  2607.000000
  1.996300  2617.000000
  2.002500  2642.000000
  2.008900  2676.000000
  2.015200  2710.000000
  2.021600  2735.000000
  2.027900  2761.000000
  2.034200  2786.000000
  2.040500  2810.000000
  2.046900  2840.000000
  2.053200  2867.000000
  2.059500  2878.000000
  2.065800  2869.000000
  2.072100  2848.000000
  2.078400  2820.000000
  2.084700  2790.000000
  2.091000  2764.000000
  2.097300  2722.000000
  2.103600  2652.000000
  2.109900  2574.000000
  2.116300  2470.000000
  2.122600  2374.000000
  2.129000  2344.000000
  2.135300  2389.000000
  2.141600  2472.000000
  2.148000  2537.000000
  2.154300  2573.000000
  2.160400  2604.000000
  2.166600  2623.000000
  2.172800  2648.000000
  2.178900  2624.000000
  2.185100  2603.000000
  2.191200  2641.000000
  2.197400  2681.000000
  2.203500  2732.000000
  2.209800  2731.000000
  2.216200  2612.000000
  2.222500  2429.000000
  2.228900  2214.000000
  2.235200  2029.000000
  2.241600  1909.000000
  2.247900  1829.000000
  2.254300  1783.000000
  2.260600  1775.000000
  2.266800  1819.000000
  2.273100  1897.000000
  2.279300  1948.000000
  2.285600  1979.000000
  2.291800  1980.000000
  2.298100  1961.000000
  2.304300  1913.000000
  2.310600  1842.000000
  2.316800  1750.000000
  2.323000  1665.000000
  2.329200  1582.000000
  2.335500  1518.000000
  2.341700  1459.000000
  2.347900  1391.000000
  2.354100  1299.000000
  2.360400  1197.000000
  2.367200  1113.000000
  2.374000  1052.000000
  2.380800  1000.000000
  2.387600   981.000000
  2.394400   978.000000
  2.401300   996.000000
  2.407500  1017.000000
  2.413800   996.000000
  2.420000   928.000000
  2.426200   839.000000
  2.432500   749.000000
  2.438700   672.000000
  2.445000   588.000000
  2.451200   484.000000
  2.457400   394.000000
  2.463700   318.000000
  2.470000   249.000000
