  0.400300   106.000000
  0.404800   161.000000
  0.409400   203.000000
  0.413900   245.000000
  0.418400   268.000000
  0.422900   268.000000
  0.427400   260.000000
  0.432000   251.000000
  0.436500   236.000000
  0.441000   232.000000
  0.445600   223.000000
  0.450100   224.000000
  0.454700   222.000000
  0.459200   227.000000
  0.463700   224.000000
  0.468300   217.000000
  0.472800   203.000000
  0.477400   196.000000
  0.482000   202.000000
  0.486500   204.000000
  0.491100   201.000000
  0.495600   198.000000
  0.500200   200.000000
  0.504800   207.000000
  0.509400   209.000000
  0.513900   209.000000
  0.518500   205.000000
  0.523100   203.000000
  0.527700   205.000000
  0.532300   212.000000
  0.536900   218.000000
  0.541500   220.000000
  0.546100   212.000000
  0.550700   217.000000
  0.555200   224.000000
  0.559900   229.000000
  0.564500   225.000000
  0.569100   232.000000
  0.573700   254.000000
  0.578300   298.000000
  0.582900   392.000000
  0.587500   520.000000
  0.592200   693.000000
  0.596800   932.000000
  0.601400  1287.000000
  0.606100  1733.000000
  0.610700  2285.000000
  0.615300  2861.000000
  0.620000  3451.000000
  0.624600  3966.000000
  0.629200  4422.000000
  0.633900  4791.000000
  0.638600  5102.000000
  0.643200  5358.000000
  0.647900  5515.000000
  0.652500  5626.000000
  0.657200  5653.000000
  0.661800  5671.000000
  0.666500  5673.000000
  0.671200  5682.000000
  0.675900  5707.000000
  0.680500  5725.000000
  0.685200  5755.000000
  0.689900  5777.000000
  0.694600  5835.000000
  0.699300  5887.000000
  0.703900  5938.000000
  0.708600  5990.000000
  0.713300  6041.000000
  0.718000  6093.000000
  0.722700  6144.000000
  0.727400  6196.000000
  0.732100  6248.000000
  0.736800  6302.000000
  0.741600  6344.000000
  0.746300  6370.000000
  0.751000  6386.000000
  0.755700  6408.000000
  0.760400  6429.000000
  0.765100  6450.000000
  0.769900  6472.000000
  0.774600  6495.000000
  0.779300  6484.000000
  0.784100  6491.000000
  0.788800  6511.000000
  0.793600  6540.000000
  0.798300  6534.000000
  0.803000  6535.000000
  0.807800  6535.000000
  0.812500  6535.000000
  0.817300  6535.000000
  0.822000  6535.000000
  0.826800  6535.000000
  0.831600  6535.000000
  0.836300  6549.000000
  0.841100  6483.000000
  0.845900  6457.000000
  0.850700  6421.000000
  0.855400  6511.000000
  0.860200  6463.000000
  0.865000  6432.000000
  0.869800  6368.000000
  0.874500  6417.000000
  0.879300  6423.000000
  0.884100  6419.000000
  0.888900  6394.000000
  0.893700  6360.000000
  0.898500  6328.000000
  0.903300  6297.000000
  0.908100  6265.000000
  0.912900  6233.000000
  0.917800  6201.000000
  0.922600  6170.000000
  0.927400  6139.000000
  0.932200  6107.000000
  0.937000  6075.000000
  0.941900  6042.000000
  0.946700  6010.000000
  0.951500  5979.000000
  0.956300  5947.000000
  0.961200  5915.000000
  0.966000  5883.000000
  0.970900  5849.000000
  0.975700  5816.000000
  0.980500  5784.000000
  0.985400  5750.000000
  0.990100  5684.000000
  0.996500  5789.000000
  1.002800  5977.000000
  1.009200  6099.000000
  1.015500  6063.000000
  1.021900  6056.000000
  1.028200  6072.000000
  1.034600  6057.000000
  1.041000  6053.000000
  1.047300  6051.000000
  1.053700  6043.000000
  1.060000  6039.000000
  1.066400  6055.000000
  1.072800  6047.000000
  1.079100  5970.000000
  1.085500  5816.000000
  1.091800  5698.000000
  1.098200  5658.000000
  1.104500  5694.000000
  1.110900  5713.000000
  1.117200  5733.000000
  1.123600  5750.000000
  1.129900  5765.000000
  1.136300  5780.000000
  1.142600  5795.000000
  1.148900  5810.000000
  1.155300  5823.000000
  1.161600  5834.000000
  1.168000  5856.000000
  1.174300  5879.000000
  1.180700  5969.000000
  1.187000  6070.000000
  1.193300  6133.000000
  1.199700  6130.000000
  1.206000  6148.000000
  1.212400  6140.000000
  1.218700  6138.000000
  1.225000  6142.000000
  1.231400  6143.000000
  1.237700  6090.000000
  1.244000  6052.000000
  1.250400  6023.000000
  1.256700  5996.000000
  1.263000  5961.000000
  1.269400  5943.000000
  1.275700  5958.000000
  1.282000  5990.000000
  1.288400  5956.000000
  1.294700  5887.000000
  1.301000  5786.000000
  1.307300  5722.000000
  1.313700  5594.000000
  1.320000  5405.000000
  1.326300  5232.000000
  1.332600  5176.000000
  1.339000  5183.000000
  1.345300  5158.000000
  1.421100  5056.000000
  1.427400  5067.000000
  1.433700  5084.000000
  1.440000  5107.000000
  1.446400  5139.000000
  1.452700  5180.000000
  1.459000  5227.000000
  1.465300  5277.000000
  1.471600  5326.000000
  1.477900  5364.000000
  1.484200  5406.000000
  1.490500  5373.000000
  1.496800  5310.000000
  1.503100  5233.000000
  1.509400  5213.000000
  1.515700  5160.000000
  1.522000  5127.000000
  1.528300  5108.000000
  1.534600  5129.000000
  1.540900  5137.000000
  1.547200  5152.000000
  1.553500  5138.000000
  1.559800  5089.000000
  1.566100  5126.000000
  1.572400  5251.000000
  1.578700  5316.000000
  1.585000  5242.000000
  1.591300  5152.000000
  1.597600  5180.000000
  1.603900  5281.000000
  1.610200  5357.000000
  1.616500  5319.000000
  1.622800  5229.000000
  1.629100  5158.000000
  1.635300  5114.000000
  1.641600  5013.000000
  1.647900  4804.000000
  1.654200  4573.000000
  1.660500  4531.000000
  1.666800  4633.000000
  1.673100  4791.000000
  1.679300  4882.000000
  1.685600  4931.000000
  1.691900  4911.000000
  1.698200  4866.000000
  1.704500  4821.000000
  1.710700  4744.000000
  1.717000  4707.000000
  1.723300  4656.000000
  1.729600  4668.000000
  1.735900  4689.000000
  1.742100  4748.000000
  1.748400  4727.000000
  1.754700  4694.000000
  1.761000  4722.000000
  1.767200  4793.000000
  1.773500  4884.000000
  1.779800  4932.000000
  1.786100  4948.000000
  1.792300  4908.000000
  1.798600  4869.000000
  1.804900  4825.000000
  1.811100  4777.000000
  1.955100  4451.000000
  1.961300  4453.000000
  1.967600  4454.000000
  1.973800  4455.000000
  1.980100  4456.000000
  1.986300  4456.000000
  1.992600  4460.000000
  1.998800  4483.000000
  2.005100  4526.000000
  2.011300  4579.000000
  2.017600  4617.000000
  2.023800  4637.000000
  2.030100  4645.000000
  2.036300  4656.000000
  2.042500  4668.000000
  2.048800  4679.000000
  2.055000  4690.000000
  2.061200  4708.000000
  2.067500  4698.000000
  2.073700  4645.000000
  2.080000  4555.000000
  2.086200  4499.000000
  2.092400  4503.000000
  2.098700  4490.000000
  2.104900  4377.000000
  2.111100  4194.000000
  2.117400  4037.000000
  2.123600  3900.000000
  2.129800  3812.000000
  2.136100  3805.000000
  2.142300  3865.000000
  2.148500  3896.000000
  2.154800  3913.000000
  2.161000  3998.000000
  2.167200  4110.000000
  2.173400  4150.000000
  2.179700  4148.000000
  2.185900  4186.000000
  2.192100  4294.000000
  2.198300  4378.000000
  2.204500  4368.000000
  2.210800  4245.000000
  2.217000  4095.000000
  2.223200  3930.000000
  2.229400  3692.000000
  2.235600  3385.000000
  2.241900  3094.000000
  2.248100  2915.000000
  2.254300  2846.000000
  2.260500  2802.000000
  2.266700  2766.000000
  2.272900  2799.000000
  2.279100  2886.000000
  2.285400  2915.000000
  2.291600  2893.000000
  2.297800  2897.000000
  2.304000  2934.000000
  2.310200  2848.000000
  2.316400  2672.000000
  2.322600  2541.000000
  2.328800  2476.000000
  2.335000  2348.000000
  2.341200  2157.000000
  2.347400  2092.000000
  2.353600  2187.000000
  2.359800  2206.000000
  2.366100  2036.000000
  2.372300  1823.000000
  2.378500  1701.000000
  2.384600  1637.000000
  2.390900  1630.000000
  2.397000  1617.000000
  2.403200  1446.000000
  2.409500  1178.000000
  2.415600  1056.000000
  2.421800  1094.000000
  2.428000  1062.000000
  2.434200   889.000000
  2.440400   661.000000
  2.446600   468.000000
  2.452800   365.000000
