  0.400300   180.000000
  0.404800   312.000000
  0.409400   321.000000
  0.413900   299.000000
  0.418400   294.000000
  0.422900   328.000000
  0.427400   347.000000
  0.432000   340.000000
  0.436500   298.000000
  0.441000   281.000000
  0.445600   275.000000
  0.450100   280.000000
  0.454700   266.000000
  0.459200   275.000000
  0.463700   276.000000
  0.468300   273.000000
  0.472800   257.000000
  0.477400   262.000000
  0.482000   257.000000
  0.486500   254.000000
  0.491100   247.000000
  0.495600   251.000000
  0.500200   252.000000
  0.504800   246.000000
  0.509400   250.000000
  0.513900   261.000000
  0.518500   268.000000
  0.523100   255.000000
  0.527700   252.000000
  0.532300   253.000000
  0.536900   253.000000
  0.541500   255.000000
  0.546100   256.000000
  0.550700   251.000000
  0.555200   256.000000
  0.559900   272.000000
  0.564500   287.000000
  0.569100   291.000000
  0.573700   317.000000
  0.578300   367.000000
  0.582900   459.000000
  0.587500   594.000000
  0.592200   790.000000
  0.596800  1057.000000
  0.601400  1403.000000
  0.606100  1832.000000
  0.610700  2369.000000
  0.615300  2942.000000
  0.620000  3509.000000
  0.624600  4011.000000
  0.629200  4470.000000
  0.633900  4848.000000
  0.638600  5136.000000
  0.643200  5381.000000
  0.647900  5539.000000
  0.652500  5698.000000
  0.657200  5729.000000
  0.661800  5765.000000
  0.666500  5773.000000
  0.671200  5807.000000
  0.675900  5788.000000
  0.680500  5797.000000
  0.685200  5831.000000
  0.689900  5845.000000
  0.694600  5849.000000
  0.699300  5856.000000
  0.703900  5862.000000
  0.708600  5869.000000
  0.713300  5875.000000
  0.718000  5882.000000
  0.722700  5888.000000
  0.727400  5895.000000
  0.732100  5901.000000
  0.736800  5911.000000
  0.741600  5906.000000
  0.746300  5890.000000
  0.751000  5870.000000
  0.755700  5860.000000
  0.760400  5848.000000
  0.765100  5836.000000
  0.769900  5813.000000
  0.774600  5853.000000
  0.779300  5867.000000
  0.784100  5848.000000
  0.788800  5790.000000
  0.793600  5784.000000
  0.798300  5767.000000
  0.803000  5751.000000
  0.807800  5735.000000
  0.812500  5719.000000
  0.817300  5703.000000
  0.822000  5687.000000
  0.826800  5671.000000
  0.831600  5655.000000
  0.836300  5632.000000
  0.841100  5642.000000
  0.845900  5652.000000
  0.850700  5693.000000
  0.855400  5680.000000
  0.860200  5608.000000
  0.865000  5525.000000
  0.869800  5530.000000
  0.874500  5622.000000
  0.879300  5696.000000
  0.884100  5724.000000
  0.888900  5688.000000
  0.893700  5650.000000
  0.898500  5615.000000
  0.903300  5580.000000
  0.908100  5546.000000
  0.912900  5511.000000
  0.917800  5476.000000
  0.922600  5442.000000
  0.927400  5408.000000
  0.932200  5374.000000
  0.937000  5340.000000
  0.941900  5305.000000
  0.946700  5270.000000
  0.951500  5237.000000
  0.956300  5203.000000
  0.961200  5168.000000
  0.966000  5133.000000
  0.970900  5097.000000
  0.975700  5061.000000
  0.980500  5025.000000
  0.985400  4989.000000
  0.990100  4928.000000
  0.996500  4997.000000
  1.002800  5124.000000
  1.009200  5209.000000
  1.015500  5175.000000
  1.021900  5170.000000
  1.028200  5185.000000
  1.034600  5174.000000
  1.041000  5153.000000
  1.047300  5169.000000
  1.053700  5231.000000
  1.060000  5265.000000
  1.066400  5244.000000
  1.072800  5212.000000
  1.079100  5169.000000
  1.085500  5063.000000
  1.091800  4968.000000
  1.098200  4946.000000
  1.104500  4992.000000
  1.110900  5023.000000
  1.117200  5055.000000
  1.123600  5085.000000
  1.129900  5112.000000
  1.136300  5141.000000
  1.142600  5171.000000
  1.148900  5200.000000
  1.155300  5226.000000
  1.161600  5251.000000
  1.168000  5284.000000
  1.174300  5318.000000
  1.180700  5414.000000
  1.187000  5533.000000
  1.193300  5601.000000
  1.199700  5583.000000
  1.206000  5574.000000
  1.212400  5555.000000
  1.218700  5552.000000
  1.225000  5557.000000
  1.231400  5552.000000
  1.237700  5493.000000
  1.244000  5456.000000
  1.250400  5441.000000
  1.256700  5417.000000
  1.263000  5360.000000
  1.269400  5315.000000
  1.275700  5326.000000
  1.282000  5392.000000
  1.288400  5405.000000
  1.294700  5376.000000
  1.301000  5311.000000
  1.307300  5283.000000
  1.313700  5196.000000
  1.320000  5063.000000
  1.326300  4945.000000
  1.332600  4928.000000
  1.339000  4954.000000
  1.345300  4955.000000
  1.351600  4948.000000
  1.357900  4939.000000
  1.364300  4933.000000
  1.370600  4933.000000
  1.376900  4940.000000
  1.383200  4955.000000
  1.389500  4977.000000
  1.395800  5004.000000
  1.402200  5033.000000
  1.408500  5063.000000
  1.414800  5093.000000
  1.421100  5124.000000
  1.427400  5157.000000
  1.433700  5196.000000
  1.440000  5241.000000
  1.446400  5296.000000
  1.452700  5360.000000
  1.459000  5431.000000
  1.465300  5505.000000
  1.471600  5579.000000
  1.477900  5642.000000
  1.484200  5705.000000
  1.490500  5710.000000
  1.496800  5679.000000
  1.503100  5618.000000
  1.509400  5590.000000
  1.515700  5516.000000
  1.522000  5446.000000
  1.528300  5395.000000
  1.534600  5393.000000
  1.540900  5385.000000
  1.547200  5391.000000
  1.553500  5374.000000
  1.559800  5316.000000
  1.566100  5331.000000
  1.572400  5428.000000
  1.578700  5468.000000
  1.585000  5384.000000
  1.591300  5291.000000
  1.597600  5314.000000
  1.603900  5397.000000
  1.610200  5439.000000
  1.616500  5368.000000
  1.622800  5262.000000
  1.629100  5186.000000
  1.635300  5117.000000
  1.641600  4956.000000
  1.647900  4680.000000
  1.654200  4436.000000
  1.660500  4290.000000
  1.666800  4022.000000
  1.673100  3918.000000
  1.679300  4264.000000
  1.685600  4749.000000
  1.691900  4887.000000
  1.698200  4812.000000
  1.704500  4791.000000
  1.710700  4731.000000
  1.717000  4697.000000
  1.723300  4658.000000
  1.729600  4700.000000
  1.735900  4752.000000
  1.742100  4837.000000
  1.748400  4839.000000
  1.754700  4825.000000
  1.761000  4865.000000
  1.767200  4957.000000
  1.773500  5073.000000
  1.779800  5134.000000
  1.786100  5154.000000
  1.792300  5122.000000
  1.798600  5091.000000
  1.804900  5054.000000
  1.811100  5013.000000
  1.817400  4973.000000
  1.823700  4934.000000
  1.829900  4900.000000
  1.836200  4871.000000
  1.842500  4849.000000
  1.848700  4831.000000
  1.855000  4818.000000
  1.861300  4809.000000
  1.867500  4801.000000
  1.873800  4794.000000
  1.880000  4787.000000
  1.886300  4780.000000
  1.892500  4774.000000
  1.898800  4769.000000
  1.905100  4768.000000
  1.911300  4771.000000
  1.917600  4780.000000
  1.923800  4794.000000
  1.930100  4813.000000
  1.936300  4838.000000
  1.942600  4858.000000
  1.948800  4867.000000
  1.955100  4869.000000
  1.961300  4872.000000
  1.967600  4876.000000
  1.973800  4879.000000
  1.980100  4883.000000
  1.986300  4884.000000
  1.992600  4895.000000
  1.998800  4921.000000
  2.005100  4958.000000
  2.011300  4993.000000
  2.017600  5024.000000
  2.023800  5047.000000
  2.030100  5066.000000
  2.036300  5085.000000
  2.042500  5105.000000
  2.048800  5128.000000
  2.055000  5137.000000
  2.061200  5128.000000
  2.067500  5085.000000
  2.073700  5018.000000
  2.080000  4930.000000
  2.086200  4854.000000
  2.092400  4820.000000
  2.098700  4781.000000
  2.104900  4679.000000
  2.111100  4485.000000
  2.117400  4263.000000
  2.123600  4044.000000
  2.129800  3925.000000
  2.136100  3924.000000
  2.142300  4009.000000
  2.148500  4074.000000
  2.154800  4083.000000
  2.161000  4136.000000
  2.167200  4228.000000
  2.173400  4283.000000
  2.179700  4291.000000
  2.185900  4345.000000
  2.192100  4477.000000
  2.198300  4562.000000
  2.204500  4538.000000
  2.210800  4388.000000
  2.217000  4185.000000
  2.223200  3957.000000
  2.229400  3706.000000
  2.235600  3418.000000
  2.241900  3129.000000
  2.248100  2900.000000
  2.254300  2763.000000
  2.260500  2679.000000
  2.266700  2691.000000
  2.272900  2782.000000
  2.279100  2868.000000
  2.285400  2878.000000
  2.291600  2885.000000
  2.297800  2953.000000
  2.304000  2978.000000
  2.310200  2858.000000
  2.316400  2624.000000
  2.322600  2451.000000
  2.328800  2365.000000
  2.335000  2282.000000
  2.341200  2122.000000
  2.347400  1997.000000
  2.353600  2049.000000
  2.359800  2120.000000
  2.366100  2053.000000
  2.372300  1886.000000
  2.378500  1737.000000
  2.384600  1647.000000
  2.390900  1580.000000
  2.397000  1501.000000
  2.403200  1306.000000
  2.409500  1083.000000
  2.415600   946.000000
  2.421800   913.000000
  2.428000   837.000000
  2.434200   651.000000
  2.440400   435.000000
  2.446600   296.000000
  2.452800   238.000000
