ENVI ASCII Plot File [Tue Aug 28 09:40:01 2007]
Column 1: Wavelength
Column 2: SPEX_Cloth_Red.csv:C2~~1
   453.799988   2.653978
   467.399994   2.535287
   481.899994   2.248376
   496.899994   2.006006
   511.700012   1.852238
   526.500000   1.818109
   541.599976   1.832450
   556.500000   1.924081
   571.200012   2.593165
   585.900024   6.375153
   600.700012  17.803059
   615.500000  33.421036
   630.000000  44.207794
   644.299988  48.863842
   658.900024  50.621288
   673.599976  51.365425
   688.000000  51.771320
   702.400024  51.986168
   716.900024  52.121109
   731.299988  52.229946
   745.400024  52.292789
   759.599976  52.337227
   773.900024  52.340549
   788.099976  52.423813
   802.200012  52.774715
   816.299988  52.882137
   830.700012  52.870262
   844.900024  52.852776
   858.900024  52.733009
   872.500000  52.523785
   874.799988  52.473839
   891.900024  52.023365
   907.299988  51.487900
   922.799988  51.164085
   938.599976  50.945335
   954.099976  50.715458
   969.200012  50.491539
   984.400024  50.319328
   999.900024  50.168625
  1014.900024  50.059959
  1029.900024  50.004406
  1045.099976  49.975647
  1060.099976  49.956329
  1074.599976  49.943192
  1089.199951  49.936359
  1104.099976  49.950691
  1118.599976  49.942554
  1133.000000  49.900402
  1147.400024  49.760044
  1161.800049  49.537533
  1176.000000  49.281128
  1190.199951  49.034527
  1204.300049  48.893227
  1218.300049  48.828114
  1232.099976  48.887947
  1246.099976  48.998638
  1260.199951  49.063244
  1274.099976  49.126797
  1287.599976  49.217323
  1301.199951  49.284512
  1315.199951  49.254848
  1328.900024  49.110527
  1389.300049  47.433353
  1404.199951  46.233109
  1419.300049  44.247890
  1433.500000  42.563839
  1448.000000  41.468647
  1462.400024  40.553196
  1477.000000  39.774128
  1490.900024  39.625462
  1504.800049  40.054661
  1518.599976  40.614044
  1532.500000  40.821857
  1546.099976  40.936741
  1559.800049  41.136524
  1573.199951  41.331070
  1586.400024  41.646976
  1599.500000  42.285980
  1612.800049  43.131111
  1626.000000  43.896118
  1638.800049  44.483376
  1651.699951  44.968693
  1664.500000  45.343029
  1677.199951  45.462265
  1689.699951  45.273140
  1702.300049  44.971523
  1714.900024  44.736591
  1727.300049  44.541553
  1739.500000  44.423828
  1751.800049  44.301090
  1764.000000  44.149899
  1776.000000  44.114197
  1788.000000  44.222233
  1799.900024  44.376698
  1952.400024  35.671341
  1971.699951  37.564068
  1991.000000  39.407803
  2010.099976  40.425953
  2029.000000  39.949787
  2048.000000  38.038338
  2067.199951  35.901752
  2086.199951  34.471210
  2104.800049  34.208652
  2123.000000  35.154308
  2141.000000  36.472630
  2159.100098  37.467209
  2177.000000  38.098488
  2194.600098  38.523159
  2213.399902  38.978249
  2231.000000  39.021938
  2248.199951  37.598476
  2265.699951  35.006687
  2283.100098  33.938610
  2300.600098  33.221645
  2317.600098  32.058559
  2334.500000  31.287388
  2351.100098  31.196400
  2367.600098  31.616732
  2384.399902  32.086582
  2401.100098  32.191086
  2417.699951  31.573204
  2433.699951  30.050228
  2449.600098  27.877151
  2465.300049  25.524849
  2480.899902  24.001987
  2496.300049  23.744677
