ENVI ASCII Plot File [Tue Aug 28 09:43:53 2007]
Column 1: Wavelength
Column 2: SPEX_Nylon_Yellow.csv:C2~~1
   453.799988   5.073611
   467.399994   6.794642
   481.899994  13.043651
   496.899994  24.767429
   511.700012  33.467529
   526.500000  36.785473
   541.599976  37.607815
   556.500000  37.737778
   571.200012  37.763245
   585.900024  37.817333
   600.700012  37.861782
   615.500000  37.841286
   630.000000  37.790424
   644.299988  37.756046
   658.900024  37.706955
   673.599976  37.619549
   688.000000  37.561329
   702.400024  37.483582
   716.900024  37.434551
   731.299988  37.376598
   745.400024  37.344433
   759.599976  37.312641
   773.900024  37.296215
   788.099976  37.161758
   802.200012  36.406544
   816.299988  36.008919
   830.700012  35.975288
   844.900024  35.911285
   858.900024  35.858669
   872.500000  35.701141
   874.799988  35.663040
   891.900024  35.288849
   907.299988  34.801731
   922.799988  34.603260
   938.599976  34.643444
   954.099976  34.682613
   969.200012  34.681778
   984.400024  34.664417
   999.900024  34.636261
  1014.900024  34.594131
  1029.900024  34.547169
  1045.099976  34.523876
  1060.099976  34.537762
  1074.599976  34.564003
  1089.199951  34.587547
  1104.099976  34.602173
  1118.599976  34.597015
  1133.000000  34.531448
  1147.400024  34.338215
  1161.800049  34.072411
  1176.000000  33.668549
  1190.199951  33.098392
  1204.300049  32.888119
  1218.300049  33.351631
  1232.099976  33.802074
  1246.099976  34.058464
  1260.199951  34.148811
  1274.099976  34.140331
  1287.599976  34.167343
  1301.199951  34.176823
  1315.199951  34.185333
  1328.900024  34.176994
  1389.300049  32.920601
  1404.199951  32.715031
  1419.300049  32.524094
  1433.500000  32.444450
  1448.000000  32.443569
  1462.400024  32.396286
  1477.000000  32.202755
  1490.900024  31.998949
  1504.800049  31.738163
  1518.599976  31.469109
  1532.500000  31.203491
  1546.099976  31.535444
  1559.800049  31.965307
  1573.199951  31.861792
  1586.400024  32.006546
  1599.500000  32.005360
  1612.800049  32.237984
  1626.000000  32.687798
  1638.800049  32.911858
  1651.699951  32.914036
  1664.500000  32.778770
  1677.199951  32.373844
  1689.699951  31.266640
  1702.300049  29.351879
  1714.900024  28.102013
  1727.300049  28.340727
  1739.500000  28.444418
  1751.800049  28.279926
  1764.000000  28.881573
  1776.000000  29.684607
  1788.000000  30.118097
  1799.900024  30.343489
  1952.400024  26.573851
  1971.699951  27.367586
  1991.000000  27.992739
  2010.099976  27.550150
  2029.000000  26.272074
  2048.000000  24.553478
  2067.199951  26.886812
  2086.199951  29.133276
  2104.800049  28.925251
  2123.000000  27.745770
  2141.000000  26.831419
  2159.100098  25.676889
  2177.000000  24.080656
  2194.600098  23.758961
  2213.399902  24.609102
  2231.000000  25.277010
  2248.199951  24.537447
  2265.699951  21.842215
  2283.100098  17.972500
  2300.600098  17.523638
  2317.600098  19.215042
  2334.500000  18.881432
  2351.100098  18.017702
  2367.600098  17.942598
  2384.399902  18.445566
  2401.100098  19.711864
  2417.699951  20.951754
  2433.699951  21.082933
  2449.600098  20.670738
  2465.300049  20.142128
  2480.899902  19.462950
  2496.300049  19.235359
