ENVI ASCII Plot File [Tue Aug 28 09:41:13 2007]
Column 1: Wavelength
Column 2: SPEX_Cloth_Blue.csv:C2~~1
   453.799988  46.277130
   467.399994  46.783886
   481.899994  44.198845
   496.899994  39.190655
   511.700012  33.237530
   526.500000  27.003540
   541.599976  20.777592
   556.500000  15.247382
   571.200012  10.974585
   585.900024   8.007195
   600.700012   5.875336
   615.500000   4.999866
   630.000000   4.832714
   644.299988   4.808680
   658.900024   4.069490
   673.599976   3.495249
   688.000000   4.713178
   702.400024   9.242388
   716.900024  16.393093
   731.299988  24.345613
   745.400024  32.037651
   759.599976  38.947044
   773.900024  44.652435
   788.099976  48.964947
   802.200012  51.794544
   816.299988  54.098389
   830.700012  55.928276
   844.900024  57.288731
   858.900024  58.175152
   872.500000  58.613613
   874.799988  58.655514
   891.900024  58.814053
   907.299988  58.737621
   922.799988  58.980648
   938.599976  59.321697
   954.099976  59.551785
   969.200012  59.612846
   984.400024  59.610443
   999.900024  59.566845
  1014.900024  59.505886
  1029.900024  59.404716
  1045.099976  59.239876
  1060.099976  59.135769
  1074.599976  59.161877
  1089.199951  59.343472
  1104.099976  59.622833
  1118.599976  59.898037
  1133.000000  60.042587
  1147.400024  59.986618
  1161.800049  59.765854
  1176.000000  59.456799
  1190.199951  59.056816
  1204.300049  58.777405
  1218.300049  58.660297
  1232.099976  58.742680
  1246.099976  58.922264
  1260.199951  59.012558
  1274.099976  59.089420
  1287.599976  59.254028
  1301.199951  59.373245
  1315.199951  59.348797
  1328.900024  59.163296
  1389.300049  56.623222
  1404.199951  55.094360
  1419.300049  52.457577
  1433.500000  50.225586
  1448.000000  48.755344
  1462.400024  47.465149
  1477.000000  46.265705
  1490.900024  45.897842
  1504.800049  46.309250
  1518.599976  46.912556
  1532.500000  47.047565
  1546.099976  47.121174
  1559.800049  47.417164
  1573.199951  47.689217
  1586.400024  48.073570
  1599.500000  48.961708
  1612.800049  50.207916
  1626.000000  51.360138
  1638.800049  52.258972
  1651.699951  53.010864
  1664.500000  53.542065
  1677.199951  53.735874
  1689.699951  53.484024
  1702.300049  53.021881
  1714.900024  52.753876
  1727.300049  52.541359
  1739.500000  52.290680
  1751.800049  52.007786
  1764.000000  51.701889
  1776.000000  51.529354
  1788.000000  51.547398
  1799.900024  51.626995
  1952.400024  41.210938
  1971.699951  43.289623
  1991.000000  45.301090
  2010.099976  46.386501
  2029.000000  45.696289
  2048.000000  43.219242
  2067.199951  40.423237
  2086.199951  38.499031
  2104.800049  38.137810
  2123.000000  39.293121
  2141.000000  40.953350
  2159.100098  42.204544
  2177.000000  43.071693
  2194.600098  43.840088
  2213.399902  44.545677
  2231.000000  44.651764
  2248.199951  42.985207
  2265.699951  39.864285
  2283.100098  38.842583
  2300.600098  38.220291
  2317.600098  36.652279
  2334.500000  35.545792
  2351.100098  35.439903
  2367.600098  35.971760
  2384.399902  36.593182
  2401.100098  36.834476
  2417.699951  36.171333
  2433.699951  34.386227
  2449.600098  31.729900
  2465.300049  28.913630
  2480.899902  26.996346
  2496.300049  26.853157
