ENVI ASCII Plot File [Tue Aug 28 09:48:21 2007]
Column 1: Wavelength
Column 2: SPEX_Nylon_Red.csv:C2~~1
   453.799988   3.705212
   467.399994   3.558103
   481.899994   3.400691
   496.899994   3.327594
   511.700012   3.295712
   526.500000   3.297611
   541.599976   3.313123
   556.500000   3.344130
   571.200012   3.646952
   585.900024   6.056747
   600.700012  14.268559
   615.500000  24.953991
   630.000000  31.411533
   644.299988  33.967880
   658.900024  34.942020
   673.599976  35.431183
   688.000000  35.753277
   702.400024  35.957756
   716.900024  36.087433
   731.299988  36.110909
   745.400024  36.153797
   759.599976  36.113811
   773.900024  36.103554
   788.099976  36.081810
   802.200012  36.019306
   816.299988  36.045128
   830.700012  35.948734
   844.900024  35.922966
   858.900024  35.829758
   872.500000  35.617210
   874.799988  35.569012
   891.900024  35.142212
   907.299988  34.624340
   922.799988  34.387779
   938.599976  34.404041
   954.099976  34.436539
   969.200012  34.417305
   984.400024  34.417347
   999.900024  34.374954
  1014.900024  34.308731
  1029.900024  34.249523
  1045.099976  34.219593
  1060.099976  34.224003
  1074.599976  34.240280
  1089.199951  34.253410
  1104.099976  34.245365
  1118.599976  34.222889
  1133.000000  34.155743
  1147.400024  33.964180
  1161.800049  33.694180
  1176.000000  33.318462
  1190.199951  32.776043
  1204.300049  32.558784
  1218.300049  32.972496
  1232.099976  33.384106
  1246.099976  33.605682
  1260.199951  33.671879
  1274.099976  33.655415
  1287.599976  33.674210
  1301.199951  33.673931
  1315.199951  33.648861
  1328.900024  33.601761
  1389.300049  32.344486
  1404.199951  32.149612
  1419.300049  31.986853
  1433.500000  31.919409
  1448.000000  31.923862
  1462.400024  31.890701
  1477.000000  31.697712
  1490.900024  31.506071
  1504.800049  31.241745
  1518.599976  30.977600
  1532.500000  30.722378
  1546.099976  31.041407
  1559.800049  31.432379
  1573.199951  31.335783
  1586.400024  31.461592
  1599.500000  31.475191
  1612.800049  31.679354
  1626.000000  32.088978
  1638.800049  32.286930
  1651.699951  32.264648
  1664.500000  32.101223
  1677.199951  31.737614
  1689.699951  30.700542
  1702.300049  28.884741
  1714.900024  27.695349
  1727.300049  27.937679
  1739.500000  28.032427
  1751.800049  27.885729
  1764.000000  28.460518
  1776.000000  29.228125
  1788.000000  29.645323
  1799.900024  29.845726
  1952.400024  26.391527
  1971.699951  27.139191
  1991.000000  27.707573
  2010.099976  27.238684
  2029.000000  26.017906
  2048.000000  24.446142
  2067.199951  26.654766
  2086.199951  28.722364
  2104.800049  28.482370
  2123.000000  27.306938
  2141.000000  26.373898
  2159.100098  25.194891
  2177.000000  23.556717
  2194.600098  23.170534
  2213.399902  23.970106
  2231.000000  24.615047
  2248.199951  23.928368
  2265.699951  21.244179
  2283.100098  17.176191
  2300.600098  16.505404
  2317.600098  18.155125
  2334.500000  17.847292
  2351.100098  17.001295
  2367.600098  16.898842
  2384.399902  17.314571
  2401.100098  18.588499
  2417.699951  19.872902
  2433.699951  20.055019
  2449.600098  19.674150
  2465.300049  19.169613
  2480.899902  18.601570
  2496.300049  18.434584
