ENVI ASCII Plot File [Wed Jul  1 16:20:10 2009]
Column 1: X Axis
Column 2: spectrum #1~~2
   350.000000   12.517554
   351.000000   12.500859
   352.000000   12.384936
   353.000000   12.187180
   354.000000   12.155056
   355.000000   12.235200
   356.000000   12.405626
   357.000000   12.577567
   358.000000   12.646263
   359.000000   12.625571
   360.000000   12.512111
   361.000000   12.454333
   362.000000   12.509436
   363.000000   12.669632
   364.000000   12.935759
   365.000000   13.049099
   366.000000   13.109166
   367.000000   13.132469
   368.000000   13.048665
   369.000000   13.095955
   370.000000   13.247932
   371.000000   13.499876
   372.000000   13.733825
   373.000000   13.892297
   374.000000   13.981843
   375.000000   14.003591
   376.000000   14.136053
   377.000000   14.348742
   378.000000   14.634415
   379.000000   14.975400
   380.000000   15.228363
   381.000000   15.399177
   382.000000   15.488454
   383.000000   15.696258
   384.000000   15.978013
   385.000000   16.335389
   386.000000   16.785247
   387.000000   17.180860
   388.000000   17.491543
   389.000000   17.713666
   390.000000   17.837922
   391.000000   18.178328
   392.000000   18.602401
   393.000000   19.053694
   394.000000   19.446857
   395.000000   19.752727
   396.000000   19.982680
   397.000000   20.140173
   398.000000   20.377644
   399.000000   20.610610
   400.000000   20.844165
   401.000000   21.096312
   402.000000   21.259257
   403.000000   21.383263
   404.000000   21.481801
   405.000000   21.554687
   406.000000   21.693610
   407.000000   21.866765
   408.000000   22.058739
   409.000000   22.160118
   410.000000   22.239999
   411.000000   22.292777
   412.000000   22.304641
   413.000000   22.380509
   414.000000   22.493480
   415.000000   22.629128
   416.000000   22.752064
   417.000000   22.822836
   418.000000   22.878010
   419.000000   22.932003
   420.000000   22.998981
   421.000000   23.107036
   422.000000   23.238206
   423.000000   23.378786
   424.000000   23.495762
   425.000000   23.602834
   426.000000   23.700710
   427.000000   23.789671
   428.000000   23.929744
   429.000000   24.094830
   430.000000   24.276686
   431.000000   24.468020
   432.000000   24.631269
   433.000000   24.771368
   434.000000   24.889469
   435.000000   25.056188
   436.000000   25.239981
   437.000000   25.435928
   438.000000   25.641415
   439.000000   25.818547
   440.000000   25.978208
   441.000000   26.127137
   442.000000   26.295901
   443.000000   26.473935
   444.000000   26.662223
   445.000000   26.863063
   446.000000   27.029370
   447.000000   27.182990
   448.000000   27.319740
   449.000000   27.428602
   450.000000   27.571708
   451.000000   27.726262
   452.000000   27.883017
   453.000000   28.014905
   454.000000   28.135513
   455.000000   28.237424
   456.000000   28.319143
   457.000000   28.441956
   458.000000   28.562430
   459.000000   28.691246
   460.000000   28.840496
   461.000000   28.960746
   462.000000   29.063156
   463.000000   29.149027
   464.000000   29.216583
   465.000000   29.321993
   466.000000   29.445327
   467.000000   29.577136
   468.000000   29.684425
   469.000000   29.773687
   470.000000   29.843882
   471.000000   29.891863
   472.000000   29.979375
   473.000000   30.077212
   474.000000   30.183053
   475.000000   30.294977
   476.000000   30.372972
   477.000000   30.435390
   478.000000   30.491071
   479.000000   30.572223
   480.000000   30.671016
   481.000000   30.784183
   482.000000   30.910162
   483.000000   31.004830
   484.000000   31.093367
   485.000000   31.174320
   486.000000   31.244986
   487.000000   31.358109
   488.000000   31.493526
   489.000000   31.641324
   490.000000   31.778771
   491.000000   31.903841
   492.000000   32.017917
   493.000000   32.123430
   494.000000   32.264133
   495.000000   32.423467
   496.000000   32.594874
   497.000000   32.772926
   498.000000   32.923070
   499.000000   33.066105
   500.000000   33.210105
   501.000000   33.373978
   502.000000   33.562137
   503.000000   33.759050
   504.000000   33.957426
   505.000000   34.125074
   506.000000   34.293524
   507.000000   34.457221
   508.000000   34.611938
   509.000000   34.811986
   510.000000   35.015038
   511.000000   35.212785
   512.000000   35.391389
   513.000000   35.568115
   514.000000   35.739489
   515.000000   35.907537
   516.000000   36.098096
   517.000000   36.305403
   518.000000   36.506806
   519.000000   36.693842
   520.000000   36.863442
   521.000000   37.013586
   522.000000   37.156131
   523.000000   37.299761
   524.000000   37.463422
   525.000000   37.637490
   526.000000   37.810460
   527.000000   37.950431
   528.000000   38.065205
   529.000000   38.161141
   530.000000   38.242610
   531.000000   38.347036
   532.000000   38.451756
   533.000000   38.547023
   534.000000   38.625022
   535.000000   38.664281
   536.000000   38.691231
   537.000000   38.707944
   538.000000   38.715522
   539.000000   38.724928
   540.000000   38.723199
   541.000000   38.704848
   542.000000   38.649660
   543.000000   38.573745
   544.000000   38.481890
   545.000000   38.375502
   546.000000   38.274242
   547.000000   38.168199
   548.000000   38.053154
   549.000000   37.920710
   550.000000   37.750727
   551.000000   37.566065
   552.000000   37.372862
   553.000000   37.187395
   554.000000   37.003676
   555.000000   36.806377
   556.000000   36.590214
   557.000000   36.348690
   558.000000   36.090554
   559.000000   35.825011
   560.000000   35.556980
   561.000000   35.313028
   562.000000   35.069297
   563.000000   34.818086
   564.000000   34.541354
   565.000000   34.239083
   566.000000   33.920319
   567.000000   33.589259
   568.000000   33.270618
   569.000000   32.967541
   570.000000   32.667888
   571.000000   32.359575
   572.000000   32.018273
   573.000000   31.662562
   574.000000   31.299554
   575.000000   30.943659
   576.000000   30.595723
   577.000000   30.249133
   578.000000   29.898103
   579.000000   29.506109
   580.000000   29.102936
   581.000000   28.695466
   582.000000   28.287511
   583.000000   27.912035
   584.000000   27.546672
   585.000000   27.175884
   586.000000   26.786750
   587.000000   26.382591
   588.000000   25.970266
   589.000000   25.561954
   590.000000   25.200779
   591.000000   24.859559
   592.000000   24.526939
   593.000000   24.198573
   594.000000   23.837992
   595.000000   23.485674
   596.000000   23.148716
   597.000000   22.838145
   598.000000   22.578642
   599.000000   22.332061
   600.000000   22.090039
   601.000000   21.829621
   602.000000   21.591019
   603.000000   21.357269
   604.000000   21.129401
   605.000000   20.947819
   606.000000   20.799182
   607.000000   20.656811
   608.000000   20.503642
   609.000000   20.343352
   610.000000   20.176656
   611.000000   20.017922
   612.000000   19.894883
   613.000000   19.798914
   614.000000   19.712825
   615.000000   19.629140
   616.000000   19.520694
   617.000000   19.400941
   618.000000   19.287055
   619.000000   19.188410
   620.000000   19.132151
   621.000000   19.091183
   622.000000   19.048561
   623.000000   18.982357
   624.000000   18.898522
   625.000000   18.810401
   626.000000   18.727120
   627.000000   18.676511
   628.000000   18.639635
   629.000000   18.600156
   630.000000   18.550487
   631.000000   18.464094
   632.000000   18.380843
   633.000000   18.307036
   634.000000   18.249472
   635.000000   18.212719
   636.000000   18.184228
   637.000000   18.152918
   638.000000   18.093158
   639.000000   18.015648
   640.000000   17.948567
   641.000000   17.898305
   642.000000   17.867656
   643.000000   17.866287
   644.000000   17.870027
   645.000000   17.864508
   646.000000   17.819507
   647.000000   17.774339
   648.000000   17.742096
   649.000000   17.746893
   650.000000   17.772755
   651.000000   17.801125
   652.000000   17.823783
   653.000000   17.811680
   654.000000   17.806309
   655.000000   17.813351
   656.000000   17.837927
   657.000000   17.928171
   658.000000   18.014762
   659.000000   18.092033
   660.000000   18.150431
   661.000000   18.197845
   662.000000   18.249089
   663.000000   18.313915
   664.000000   18.420136
   665.000000   18.540552
   666.000000   18.651057
   667.000000   18.744740
   668.000000   18.827345
   669.000000   18.905933
   670.000000   18.996931
   671.000000   19.113906
   672.000000   19.250306
   673.000000   19.371191
   674.000000   19.474205
   675.000000   19.552737
   676.000000   19.621471
   677.000000   19.694477
   678.000000   19.779996
   679.000000   19.911397
   680.000000   20.047973
   681.000000   20.161245
   682.000000   20.237783
   683.000000   20.291499
   684.000000   20.351711
   685.000000   20.425393
   686.000000   20.530061
   687.000000   20.642711
   688.000000   20.746277
   689.000000   20.831463
   690.000000   20.859218
   691.000000   20.899175
   692.000000   20.949481
   693.000000   21.011358
   694.000000   21.091270
   695.000000   21.167474
   696.000000   21.224963
   697.000000   21.245547
   698.000000   21.234040
   699.000000   21.216981
   700.000000   21.209161
   701.000000   21.245957
   702.000000   21.269750
   703.000000   21.267926
   704.000000   21.236047
   705.000000   21.168091
   706.000000   21.101223
   707.000000   21.047706
   708.000000   21.017532
   709.000000   20.993375
   710.000000   20.967670
   711.000000   20.927269
   712.000000   20.841499
   713.000000   20.728206
   714.000000   20.625834
   715.000000   20.554993
   716.000000   20.540962
   717.000000   20.532929
   718.000000   20.497771
   719.000000   20.415940
   720.000000   20.345540
   721.000000   20.296048
   722.000000   20.275863
   723.000000   20.299752
   724.000000   20.345527
   725.000000   20.374940
   726.000000   20.387280
   727.000000   20.390137
   728.000000   20.421212
   729.000000   20.473823
   730.000000   20.548150
   731.000000   20.643267
   732.000000   20.741446
   733.000000   20.824559
   734.000000   20.875777
   735.000000   20.952491
   736.000000   21.060949
   737.000000   21.199354
   738.000000   21.366897
   739.000000   21.516799
   740.000000   21.655350
   741.000000   21.784589
   742.000000   21.910870
   743.000000   22.034649
   744.000000   22.178495
   745.000000   22.357822
   746.000000   22.535852
   747.000000   22.690588
   748.000000   22.818900
   749.000000   22.912174
   750.000000   23.009227
   751.000000   23.126488
   752.000000   23.263917
   753.000000   23.417405
   754.000000   23.538390
   755.000000   23.651618
   756.000000   23.721002
   757.000000   23.776133
   758.000000   23.821696
   759.000000   23.888477
   760.000000   23.997384
   761.000000   24.084862
   762.000000   24.134585
   763.000000   24.158074
   764.000000   24.166359
   765.000000   24.167663
   766.000000   24.191679
   767.000000   24.244782
   768.000000   24.291945
   769.000000   24.318426
   770.000000   24.331084
   771.000000   24.333139
   772.000000   24.326283
   773.000000   24.329937
   774.000000   24.352704
   775.000000   24.415259
   776.000000   24.469309
   777.000000   24.498635
   778.000000   24.503827
   779.000000   24.511364
   780.000000   24.536575
   781.000000   24.595301
   782.000000   24.700328
   783.000000   24.822953
   784.000000   24.919547
   785.000000   24.994995
   786.000000   25.053229
   787.000000   25.134464
   788.000000   25.252684
   789.000000   25.407586
   790.000000   25.593627
   791.000000   25.754884
   792.000000   25.891487
   793.000000   26.002627
   794.000000   26.102561
   795.000000   26.245363
   796.000000   26.438404
   797.000000   26.696599
   798.000000   26.935562
   799.000000   27.134426
   800.000000   27.298921
   801.000000   27.446154
   802.000000   27.617495
   803.000000   27.827328
   804.000000   28.079874
   805.000000   28.345675
   806.000000   28.579178
   807.000000   28.789311
   808.000000   28.980137
   809.000000   29.151033
   810.000000   29.366115
   811.000000   29.626157
   812.000000   29.929730
   813.000000   30.200623
   814.000000   30.424209
   815.000000   30.601669
   816.000000   30.754739
   817.000000   30.929786
   818.000000   31.166456
   819.000000   31.471833
   820.000000   31.722345
   821.000000   31.926473
   822.000000   32.099940
   823.000000   32.248759
   824.000000   32.415244
   825.000000   32.643145
   826.000000   32.916786
   827.000000   33.179522
   828.000000   33.386982
   829.000000   33.541781
   830.000000   33.647853
   831.000000   33.779360
   832.000000   33.946400
   833.000000   34.152796
   834.000000   34.407918
   835.000000   34.619755
   836.000000   34.785139
   837.000000   34.908573
   838.000000   34.992630
   839.000000   35.119448
   840.000000   35.285492
   841.000000   35.483377
   842.000000   35.659560
   843.000000   35.806330
   844.000000   35.905720
   845.000000   35.938645
   846.000000   36.000097
   847.000000   36.127601
   848.000000   36.298379
   849.000000   36.473737
   850.000000   36.627059
   851.000000   36.719414
   852.000000   36.752741
   853.000000   36.759524
   854.000000   36.841252
   855.000000   36.967571
   856.000000   37.127427
   857.000000   37.263754
   858.000000   37.344829
   859.000000   37.376549
   860.000000   37.354654
   861.000000   37.377203
   862.000000   37.460025
   863.000000   37.592035
   864.000000   37.738057
   865.000000   37.814121
   866.000000   37.836744
   867.000000   37.813108
   868.000000   37.794697
   869.000000   37.845947
   870.000000   37.942236
   871.000000   38.069542
   872.000000   38.154699
   873.000000   38.167366
   874.000000   38.131302
   875.000000   38.094518
   876.000000   38.114105
   877.000000   38.194091
   878.000000   38.319683
   879.000000   38.380028
   880.000000   38.385064
   881.000000   38.347354
   882.000000   38.269888
   883.000000   38.252609
   884.000000   38.321981
   885.000000   38.442604
   886.000000   38.566173
   887.000000   38.572116
   888.000000   38.501088
   889.000000   38.382665
   890.000000   38.340518
   891.000000   38.377676
   892.000000   38.478142
   893.000000   38.635192
   894.000000   38.701172
   895.000000   38.656075
   896.000000   38.552110
   897.000000   38.441139
   898.000000   38.394834
   899.000000   38.476253
   900.000000   38.634280
   901.000000   38.726992
   902.000000   38.709550
   903.000000   38.615242
   904.000000   38.458168
   905.000000   38.364851
   906.000000   38.414419
   907.000000   38.534449
   908.000000   38.675923
   909.000000   38.714190
   910.000000   38.646179
   911.000000   38.507388
   912.000000   38.361915
   913.000000   38.350369
   914.000000   38.469816
   915.000000   38.678255
   916.000000   38.746780
   917.000000   38.712604
   918.000000   38.603140
   919.000000   38.426218
   920.000000   38.397129
   921.000000   38.496012
   922.000000   38.665595
   923.000000   38.825419
   924.000000   38.779111
   925.000000   38.613578
   926.000000   38.353672
   927.000000   38.150374
   928.000000   38.174933
   929.000000   38.390378
   930.000000   38.778904
   931.000000   38.863710
   932.000000   38.700333
   933.000000   38.382269
   934.000000   37.988620
   935.000000   38.010146
   936.000000   38.222519
   937.000000   38.537105
   938.000000   38.798075
   939.000000   38.660878
   940.000000   38.341488
   941.000000   37.928589
   942.000000   37.861757
   943.000000   38.134039
   944.000000   38.512941
   945.000000   38.859020
   946.000000   38.797286
   947.000000   38.441032
   948.000000   37.982193
   949.000000   37.728671
   950.000000   37.753204
   951.000000   38.100254
   952.000000   38.642609
   953.000000   38.801608
   954.000000   38.627493
   955.000000   38.273569
   956.000000   37.811293
   957.000000   37.751669
   958.000000   38.111844
   959.000000   38.572619
   960.000000   38.805742
   961.000000   38.626053
   962.000000   38.270423
   963.000000   37.864748
   964.000000   37.725114
   965.000000   37.941623
   966.000000   38.297806
   967.000000   38.697178
   968.000000   38.721051
   969.000000   38.414707
   970.000000   38.023222
   971.000000   37.734509
   972.000000   37.701127
   973.000000   37.991173
   974.000000   38.414556
   975.000000   38.552286
   976.000000   38.419920
   977.000000   38.130352
   978.000000   37.749098
   979.000000   37.586134
   980.000000   37.845074
   981.000000   38.245782
   982.000000   38.638837
   983.000000   38.522058
   984.000000   38.185840
   985.000000   37.734594
   986.000000   37.322184
   987.000000   37.420392
   988.000000   37.843175
   989.000000   38.406830
   990.000000   38.444870
   991.000000   38.194786
   992.000000   37.788852
   993.000000   37.288938
   994.000000   37.201789
   995.000000   37.663528
   996.000000   38.205019
   997.000000   38.313624
   998.000000   38.090372
   999.000000   37.620725
  1000.000000   37.066264
  1001.000000   37.702784
  1002.000000   37.696783
  1003.000000   37.687563
  1004.000000   37.673624
  1005.000000   37.659551
  1006.000000   37.650799
  1007.000000   37.645340
  1008.000000   37.628680
  1009.000000   37.616681
  1010.000000   37.594080
  1011.000000   37.567903
  1012.000000   37.552476
  1013.000000   37.543516
  1014.000000   37.544657
  1015.000000   37.542141
  1016.000000   37.536348
  1017.000000   37.513718
  1018.000000   37.494980
  1019.000000   37.462928
  1020.000000   37.433074
  1021.000000   37.434959
  1022.000000   37.447379
  1023.000000   37.451534
  1024.000000   37.443986
  1025.000000   37.425430
  1026.000000   37.411587
  1027.000000   37.405037
  1028.000000   37.383010
  1029.000000   37.366313
  1030.000000   37.369882
  1031.000000   37.374881
  1032.000000   37.360963
  1033.000000   37.344310
  1034.000000   37.329226
  1035.000000   37.313473
  1036.000000   37.303357
  1037.000000   37.297758
  1038.000000   37.284850
  1039.000000   37.260088
  1040.000000   37.229802
  1041.000000   37.207303
  1042.000000   37.191092
  1043.000000   37.180736
  1044.000000   37.178133
  1045.000000   37.189126
  1046.000000   37.183499
  1047.000000   37.169108
  1048.000000   37.150094
  1049.000000   37.137412
  1050.000000   37.130986
  1051.000000   37.128896
  1052.000000   37.126158
  1053.000000   37.128631
  1054.000000   37.128389
  1055.000000   37.120964
  1056.000000   37.111794
  1057.000000   37.099029
  1058.000000   37.084345
  1059.000000   37.077757
  1060.000000   37.072447
  1061.000000   37.045963
  1062.000000   37.027837
  1063.000000   37.000491
  1064.000000   36.986649
  1065.000000   36.972206
  1066.000000   36.971263
  1067.000000   36.967295
  1068.000000   36.972519
  1069.000000   36.968708
  1070.000000   36.949693
  1071.000000   36.919032
  1072.000000   36.893363
  1073.000000   36.876221
  1074.000000   36.863072
  1075.000000   36.862765
  1076.000000   36.865586
  1077.000000   36.851069
  1078.000000   36.834436
  1079.000000   36.807283
  1080.000000   36.801614
  1081.000000   36.803333
  1082.000000   36.797862
  1083.000000   36.771126
  1084.000000   36.748175
  1085.000000   36.731319
  1086.000000   36.727025
  1087.000000   36.703601
  1088.000000   36.674113
  1089.000000   36.646005
  1090.000000   36.629042
  1091.000000   36.609667
  1092.000000   36.588869
  1093.000000   36.584740
  1094.000000   36.576608
  1095.000000   36.566976
  1096.000000   36.533175
  1097.000000   36.506997
  1098.000000   36.477699
  1099.000000   36.456779
  1100.000000   36.434247
  1101.000000   36.413778
  1102.000000   36.358097
  1103.000000   36.342064
  1104.000000   36.279350
  1105.000000   36.251539
  1106.000000   36.169513
  1107.000000   36.117984
  1108.000000   36.057303
  1109.000000   36.009271
  1110.000000   35.966388
  1111.000000   35.876148
  1112.000000   35.841284
  1113.000000   35.778403
  1114.000000   35.737840
  1115.000000   35.706124
  1116.000000   35.662536
  1117.000000   35.704805
  1118.000000   35.652480
  1119.000000   35.752490
  1120.000000   35.686240
  1121.000000   35.881592
  1122.000000   35.823164
  1123.000000   35.943948
  1124.000000   36.031859
  1125.000000   36.145788
  1126.000000   36.174971
  1127.000000   36.253390
  1128.000000   36.268831
  1129.000000   36.232697
  1130.000000   36.312042
  1131.000000   36.341837
  1132.000000   36.350102
  1133.000000   36.346693
  1134.000000   36.289947
  1135.000000   36.209784
  1136.000000   36.163235
  1137.000000   36.124748
  1138.000000   35.994623
  1139.000000   35.966307
  1140.000000   35.870369
  1141.000000   35.874359
  1142.000000   35.845655
  1143.000000   35.823798
  1144.000000   35.816151
  1145.000000   35.840736
  1146.000000   35.901262
  1147.000000   35.913632
  1148.000000   35.930656
  1149.000000   35.976153
  1150.000000   35.961551
  1151.000000   36.004083
  1152.000000   35.998570
  1153.000000   36.041660
  1154.000000   36.002913
  1155.000000   36.001456
  1156.000000   35.992021
  1157.000000   35.960689
  1158.000000   35.925404
  1159.000000   35.868970
  1160.000000   35.829043
  1161.000000   35.779704
  1162.000000   35.738271
  1163.000000   35.662349
  1164.000000   35.635281
  1165.000000   35.582444
  1166.000000   35.516779
  1167.000000   35.452997
  1168.000000   35.404532
  1169.000000   35.360167
  1170.000000   35.311096
  1171.000000   35.280717
  1172.000000   35.233732
  1173.000000   35.209584
  1174.000000   35.164974
  1175.000000   35.126149
  1176.000000   35.094296
  1177.000000   35.069438
  1178.000000   35.040620
  1179.000000   35.027435
  1180.000000   35.008432
  1181.000000   34.982390
  1182.000000   34.974971
  1183.000000   34.962027
  1184.000000   34.957251
  1185.000000   34.947475
  1186.000000   34.938362
  1187.000000   34.925853
  1188.000000   34.913247
  1189.000000   34.896267
  1190.000000   34.878516
  1191.000000   34.849406
  1192.000000   34.819377
  1193.000000   34.794881
  1194.000000   34.782925
  1195.000000   34.756920
  1196.000000   34.738158
  1197.000000   34.720692
  1198.000000   34.705037
  1199.000000   34.698462
  1200.000000   34.698501
  1201.000000   34.700458
  1202.000000   34.695446
  1203.000000   34.694327
  1204.000000   34.689293
  1205.000000   34.691489
  1206.000000   34.692250
  1207.000000   34.698211
  1208.000000   34.710990
  1209.000000   34.720649
  1210.000000   34.705869
  1211.000000   34.691666
  1212.000000   34.688100
  1213.000000   34.683731
  1214.000000   34.683139
  1215.000000   34.683857
  1216.000000   34.674506
  1217.000000   34.664485
  1218.000000   34.649355
  1219.000000   34.634401
  1220.000000   34.611301
  1221.000000   34.584438
  1222.000000   34.557993
  1223.000000   34.533384
  1224.000000   34.513108
  1225.000000   34.499553
  1226.000000   34.487620
  1227.000000   34.476474
  1228.000000   34.464238
  1229.000000   34.449035
  1230.000000   34.433552
  1231.000000   34.418956
  1232.000000   34.403078
  1233.000000   34.388091
  1234.000000   34.373094
  1235.000000   34.354707
  1236.000000   34.336826
  1237.000000   34.323781
  1238.000000   34.312125
  1239.000000   34.287991
  1240.000000   34.261205
  1241.000000   34.234006
  1242.000000   34.207603
  1243.000000   34.186474
  1244.000000   34.168313
  1245.000000   34.152854
  1246.000000   34.139787
  1247.000000   34.124882
  1248.000000   34.108792
  1249.000000   34.094230
  1250.000000   34.083351
  1251.000000   34.069202
  1252.000000   34.047814
  1253.000000   34.024538
  1254.000000   33.996768
  1255.000000   33.967555
  1256.000000   33.931514
  1257.000000   33.894634
  1258.000000   33.853877
  1259.000000   33.812306
  1260.000000   33.812440
  1261.000000   33.815389
  1262.000000   33.808521
  1263.000000   33.799871
  1264.000000   33.806809
  1265.000000   33.818981
  1266.000000   33.821871
  1267.000000   33.821067
  1268.000000   33.818314
  1269.000000   33.816063
  1270.000000   33.815269
  1271.000000   33.817761
  1272.000000   33.810830
  1273.000000   33.791763
  1274.000000   33.771548
  1275.000000   33.748283
  1276.000000   33.723519
  1277.000000   33.693087
  1278.000000   33.663393
  1279.000000   33.629725
  1280.000000   33.598263
  1281.000000   33.579047
  1282.000000   33.559549
  1283.000000   33.545183
  1284.000000   33.530611
  1285.000000   33.515846
  1286.000000   33.501501
  1287.000000   33.480124
  1288.000000   33.457187
  1289.000000   33.427555
  1290.000000   33.395721
  1291.000000   33.370711
  1292.000000   33.347054
  1293.000000   33.330684
  1294.000000   33.315921
  1295.000000   33.297543
  1296.000000   33.274454
  1297.000000   33.254342
  1298.000000   33.239505
  1299.000000   33.227988
  1300.000000   33.220315
  1301.000000   33.208562
  1302.000000   33.190485
  1303.000000   33.171227
  1304.000000   33.149951
  1305.000000   33.127324
  1306.000000   33.099989
  1307.000000   33.072185
  1308.000000   33.050236
  1309.000000   33.029319
  1310.000000   33.030374
  1311.000000   33.030540
  1312.000000   32.999404
  1313.000000   32.967187
  1314.000000   32.949088
  1315.000000   32.935258
  1316.000000   32.912267
  1317.000000   32.890173
  1318.000000   32.876895
  1319.000000   32.864433
  1320.000000   32.848505
  1321.000000   32.824092
  1322.000000   32.794526
  1323.000000   32.750871
  1324.000000   32.710730
  1325.000000   32.658038
  1326.000000   32.627293
  1327.000000   32.611213
  1328.000000   32.602613
  1329.000000   32.601946
  1330.000000   32.590524
  1331.000000   32.585439
  1332.000000   32.559507
  1333.000000   32.531782
  1334.000000   32.496095
  1335.000000   32.445309
  1336.000000   32.396419
  1337.000000   32.301284
  1338.000000   32.225206
  1339.000000   32.100661
  1340.000000   32.006115
  1341.000000   31.858096
  1342.000000   31.715314
  1343.000000   31.599355
  1344.000000   31.454878
  1345.000000   31.283475
  1346.000000   31.032317
  1347.000000   30.812990
  1348.000000   30.555224
  1349.000000   30.310466
  1350.000000   30.021823
  1351.000000   29.727289
  1352.000000   29.541577
  1353.000000   29.207741
  1354.000000   28.988867
  1355.000000   28.460086
  1356.000000   28.224532
  1357.000000   27.932115
  1358.000000   28.515219
  1359.000000   29.476338
  1360.000000   32.261888
  1361.000000   34.982152
  1362.000000   36.917588
  1363.000000   37.949199
  1364.000000   37.443013
  1365.000000   37.664346
  1366.000000   39.734971
  1367.000000   41.375130
  1368.000000   42.122635
  1369.000000   42.113231
  1370.000000   39.803915
  1371.000000   37.911551
  1372.000000   37.462880
  1373.000000   37.081045
  1374.000000   36.580705
  1375.000000   36.250708
  1376.000000   36.533997
  1377.000000   36.866551
  1378.000000   36.617494
  1379.000000   36.258752
  1380.000000   36.742779
  1381.000000   37.381569
  1382.000000   36.434792
  1383.000000   35.384408
  1384.000000   34.928525
  1385.000000   34.844495
  1386.000000   35.298697
  1387.000000   35.876060
  1388.000000   35.328971
  1389.000000   34.562872
  1390.000000   33.987952
  1391.000000   33.516598
  1392.000000   33.618150
  1393.000000   34.081679
  1394.000000   33.983186
  1395.000000   33.491919
  1396.000000   33.218006
  1397.000000   33.095303
  1398.000000   33.070841
  1399.000000   33.213098
  1400.000000   33.258516
  1401.000000   33.147365
  1402.000000   32.985748
  1403.000000   32.940838
  1404.000000   32.872125
  1405.000000   32.806959
  1406.000000   32.712092
  1407.000000   32.786161
  1408.000000   32.740283
  1409.000000   32.461446
  1410.000000   32.203208
  1411.000000   32.167872
  1412.000000   32.108154
  1413.000000   31.985799
  1414.000000   31.884798
  1415.000000   31.835620
  1416.000000   31.776714
  1417.000000   31.609714
  1418.000000   31.463022
  1419.000000   31.502477
  1420.000000   31.540031
  1421.000000   31.448275
  1422.000000   31.368898
  1423.000000   31.254297
  1424.000000   31.144350
  1425.000000   31.058473
  1426.000000   30.952320
  1427.000000   30.879024
  1428.000000   30.804119
  1429.000000   30.759436
  1430.000000   30.705944
  1431.000000   30.677843
  1432.000000   30.632894
  1433.000000   30.603203
  1434.000000   30.577355
  1435.000000   30.590922
  1436.000000   30.640144
  1437.000000   30.623623
  1438.000000   30.576426
  1439.000000   30.543082
  1440.000000   30.557796
  1441.000000   30.566268
  1442.000000   30.579719
  1443.000000   30.566079
  1444.000000   30.536697
  1445.000000   30.519792
  1446.000000   30.560007
  1447.000000   30.571863
  1448.000000   30.574776
  1449.000000   30.536258
  1450.000000   30.465444
  1451.000000   30.408593
  1452.000000   30.406052
  1453.000000   30.395890
  1454.000000   30.347077
  1455.000000   30.302518
  1456.000000   30.212501
  1457.000000   30.153730
  1458.000000   30.078969
  1459.000000   30.032064
  1460.000000   29.957647
  1461.000000   29.900343
  1462.000000   29.810612
  1463.000000   29.741078
  1464.000000   29.730282
  1465.000000   29.709657
  1466.000000   29.688197
  1467.000000   29.652249
  1468.000000   29.657429
  1469.000000   29.644661
  1470.000000   29.678735
  1471.000000   29.688975
  1472.000000   29.704116
  1473.000000   29.708783
  1474.000000   29.683706
  1475.000000   29.663822
  1476.000000   29.665766
  1477.000000   29.667301
  1478.000000   29.641987
  1479.000000   29.616527
  1480.000000   29.597672
  1481.000000   29.587728
  1482.000000   29.574725
  1483.000000   29.564708
  1484.000000   29.540549
  1485.000000   29.518669
  1486.000000   29.516002
  1487.000000   29.523230
  1488.000000   29.502446
  1489.000000   29.483791
  1490.000000   29.449535
  1491.000000   29.411504
  1492.000000   29.379144
  1493.000000   29.347433
  1494.000000   29.322196
  1495.000000   29.293696
  1496.000000   29.271416
  1497.000000   29.247617
  1498.000000   29.207956
  1499.000000   29.156270
  1500.000000   29.125437
  1501.000000   29.101760
  1502.000000   29.085468
  1503.000000   29.072735
  1504.000000   29.065692
  1505.000000   29.064748
  1506.000000   29.061540
  1507.000000   29.057440
  1508.000000   29.051152
  1509.000000   29.043244
  1510.000000   29.026812
  1511.000000   29.003706
  1512.000000   28.981160
  1513.000000   28.957903
  1514.000000   28.944745
  1515.000000   28.938401
  1516.000000   28.933147
  1517.000000   28.928824
  1518.000000   28.913269
  1519.000000   28.886522
  1520.000000   28.864593
  1521.000000   28.847723
  1522.000000   28.831016
  1523.000000   28.814177
  1524.000000   28.796326
  1525.000000   28.776946
  1526.000000   28.757318
  1527.000000   28.737288
  1528.000000   28.715945
  1529.000000   28.692828
  1530.000000   28.676911
  1531.000000   28.671027
  1532.000000   28.661221
  1533.000000   28.645814
  1534.000000   28.633836
  1535.000000   28.627253
  1536.000000   28.620674
  1537.000000   28.614118
  1538.000000   28.605597
  1539.000000   28.593817
  1540.000000   28.573647
  1541.000000   28.538557
  1542.000000   28.505822
  1543.000000   28.477849
  1544.000000   28.450685
  1545.000000   28.425426
  1546.000000   28.392948
  1547.000000   28.347164
  1548.000000   28.306622
  1549.000000   28.278302
  1550.000000   28.251847
  1551.000000   28.228804
  1552.000000   28.205330
  1553.000000   28.181751
  1554.000000   28.159040
  1555.000000   28.137622
  1556.000000   28.117757
  1557.000000   28.102177
  1558.000000   28.087496
  1559.000000   28.076212
  1560.000000   28.063965
  1561.000000   28.051096
  1562.000000   28.036177
  1563.000000   28.018865
  1564.000000   27.996377
  1565.000000   27.968606
  1566.000000   27.941075
  1567.000000   27.917039
  1568.000000   27.888383
  1569.000000   27.850597
  1570.000000   27.818453
  1571.000000   27.796037
  1572.000000   27.784670
  1573.000000   27.795655
  1574.000000   27.803053
  1575.000000   27.791160
  1576.000000   27.785527
  1577.000000   27.779522
  1578.000000   27.775159
  1579.000000   27.768495
  1580.000000   27.757264
  1581.000000   27.738251
  1582.000000   27.720921
  1583.000000   27.707989
  1584.000000   27.689792
  1585.000000   27.665111
  1586.000000   27.642057
  1587.000000   27.629956
  1588.000000   27.612100
  1589.000000   27.581590
  1590.000000   27.556375
  1591.000000   27.539938
  1592.000000   27.528373
  1593.000000   27.530549
  1594.000000   27.523199
  1595.000000   27.504684
  1596.000000   27.482988
  1597.000000   27.460714
  1598.000000   27.438028
  1599.000000   27.413896
  1600.000000   27.390732
  1601.000000   27.372307
  1602.000000   27.354132
  1603.000000   27.326574
  1604.000000   27.303316
  1605.000000   27.283951
  1606.000000   27.267587
  1607.000000   27.249394
  1608.000000   27.233388
  1609.000000   27.218499
  1610.000000   27.207145
  1611.000000   27.191395
  1612.000000   27.168835
  1613.000000   27.138622
  1614.000000   27.111858
  1615.000000   27.088458
  1616.000000   27.053407
  1617.000000   27.009149
  1618.000000   26.975951
  1619.000000   26.951323
  1620.000000   26.921553
  1621.000000   26.887169
  1622.000000   26.860050
  1623.000000   26.841226
  1624.000000   26.822797
  1625.000000   26.809423
  1626.000000   26.796922
  1627.000000   26.788015
  1628.000000   26.768289
  1629.000000   26.751729
  1630.000000   26.719066
  1631.000000   26.679959
  1632.000000   26.647903
  1633.000000   26.624614
  1634.000000   26.616128
  1635.000000   26.618398
  1636.000000   26.602081
  1637.000000   26.574561
  1638.000000   26.565693
  1639.000000   26.560113
  1640.000000   26.545900
  1641.000000   26.519348
  1642.000000   26.493938
  1643.000000   26.465492
  1644.000000   26.443047
  1645.000000   26.423392
  1646.000000   26.405697
  1647.000000   26.381712
  1648.000000   26.356552
  1649.000000   26.330745
  1650.000000   26.317069
  1651.000000   26.308196
  1652.000000   26.286011
  1653.000000   26.258968
  1654.000000   26.214911
  1655.000000   26.168088
  1656.000000   26.134571
  1657.000000   26.107543
  1658.000000   26.068999
  1659.000000   26.032030
  1660.000000   25.979832
  1661.000000   25.930387
  1662.000000   25.863344
  1663.000000   25.797202
  1664.000000   25.743023
  1665.000000   25.689485
  1666.000000   25.613423
  1667.000000   25.534149
  1668.000000   25.475613
  1669.000000   25.412616
  1670.000000   25.328626
  1671.000000   25.242917
  1672.000000   25.163933
  1673.000000   25.082297
  1674.000000   24.997661
  1675.000000   24.916689
  1676.000000   24.836985
  1677.000000   24.755116
  1678.000000   24.667814
  1679.000000   24.587447
  1680.000000   24.530076
  1681.000000   24.475766
  1682.000000   24.412788
  1683.000000   24.353987
  1684.000000   24.293003
  1685.000000   24.226554
  1686.000000   24.161882
  1687.000000   24.092673
  1688.000000   24.026366
  1689.000000   23.976556
  1690.000000   23.942869
  1691.000000   23.903052
  1692.000000   23.861884
  1693.000000   23.817691
  1694.000000   23.769683
  1695.000000   23.733667
  1696.000000   23.701813
  1697.000000   23.669577
  1698.000000   23.642366
  1699.000000   23.624619
  1700.000000   23.615534
  1701.000000   23.599601
  1702.000000   23.583608
  1703.000000   23.567511
  1704.000000   23.548321
  1705.000000   23.526479
  1706.000000   23.510760
  1707.000000   23.490223
  1708.000000   23.464356
  1709.000000   23.462128
  1710.000000   23.454978
  1711.000000   23.443147
  1712.000000   23.425579
  1713.000000   23.401578
  1714.000000   23.383074
  1715.000000   23.362608
  1716.000000   23.336362
  1717.000000   23.282354
  1718.000000   23.237938
  1719.000000   23.225764
  1720.000000   23.223795
  1721.000000   23.231030
  1722.000000   23.230241
  1723.000000   23.216061
  1724.000000   23.210259
  1725.000000   23.211400
  1726.000000   23.201520
  1727.000000   23.199309
  1728.000000   23.204940
  1729.000000   23.219173
  1730.000000   23.232600
  1731.000000   23.247960
  1732.000000   23.253948
  1733.000000   23.236709
  1734.000000   23.246409
  1735.000000   23.257587
  1736.000000   23.274987
  1737.000000   23.293690
  1738.000000   23.297818
  1739.000000   23.288557
  1740.000000   23.281291
  1741.000000   23.266643
  1742.000000   23.271563
  1743.000000   23.289218
  1744.000000   23.299900
  1745.000000   23.298343
  1746.000000   23.307496
  1747.000000   23.315349
  1748.000000   23.319528
  1749.000000   23.317648
  1750.000000   23.314542
  1751.000000   23.321478
  1752.000000   23.338149
  1753.000000   23.349642
  1754.000000   23.341714
  1755.000000   23.341360
  1756.000000   23.353725
  1757.000000   23.368886
  1758.000000   23.366621
  1759.000000   23.367035
  1760.000000   23.395887
  1761.000000   23.408090
  1762.000000   23.387848
  1763.000000   23.385111
  1764.000000   23.376709
  1765.000000   23.357469
  1766.000000   23.354417
  1767.000000   23.363223
  1768.000000   23.397991
  1769.000000   23.419481
  1770.000000   23.459431
  1771.000000   23.451562
  1772.000000   23.447082
  1773.000000   23.452318
  1774.000000   23.478885
  1775.000000   23.474476
  1776.000000   23.461313
  1777.000000   23.434748
  1778.000000   23.390597
  1779.000000   23.371656
  1780.000000   23.325298
  1781.000000   23.353066
  1782.000000   23.368707
  1783.000000   23.336693
  1784.000000   23.323828
  1785.000000   23.356132
  1786.000000   23.356161
  1787.000000   23.303983
  1788.000000   23.243176
  1789.000000   23.209244
  1790.000000   23.160367
  1791.000000   23.120143
  1792.000000   23.103144
  1793.000000   23.120762
  1794.000000   23.069366
  1795.000000   22.977170
  1796.000000   22.914621
  1797.000000   22.945275
  1798.000000   23.017698
  1799.000000   22.982329
  1800.000000   23.038471
  1801.000000   22.989105
  1802.000000   23.114016
  1803.000000   23.131910
  1804.000000   23.209492
  1805.000000   23.236604
  1806.000000   23.403693
  1807.000000   23.468952
  1808.000000   23.364893
  1809.000000   23.313445
  1810.000000   23.528697
  1811.000000   23.726791
  1812.000000   23.800297
  1813.000000   24.020896
  1814.000000   24.340440
  1815.000000   24.790478
  1816.000000   25.095073
  1817.000000   25.176742
  1818.000000   24.857088
  1819.000000   24.945369
  1820.000000   25.321225
  1821.000000   25.790827
  1822.000000   26.232036
  1823.000000   26.786575
  1824.000000   27.691852
  1825.000000   28.184221
  1826.000000   28.773844
  1827.000000   29.546496
  1828.000000   30.094996
  1829.000000   31.843502
  1830.000000   34.681979
  1831.000000   24.561730
  1832.000000   32.734624
  1833.000000   44.708323
  1834.000000   52.756163
  1835.000000   59.465191
  1836.000000   72.811513
  1837.000000   89.536504
  1838.000000  100.000000
  1839.000000   92.281716
  1840.000000   82.759270
  1841.000000   89.199397
  1842.000000   92.115150
  1843.000000   98.221642
  1844.000000  100.000000
  1845.000000  100.000000
  1846.000000  100.000000
  1847.000000  100.000000
  1848.000000  100.000000
  1849.000000  100.000000
  1850.000000  100.000000
  1851.000000  100.000000
  1852.000000  100.000000
  1853.000000  100.000000
  1854.000000  100.000000
  1855.000000   74.276189
  1856.000000   79.544394
  1857.000000  100.000000
  1858.000000  100.000000
  1859.000000   97.322122
  1860.000000   88.185895
  1861.000000   91.131323
  1862.000000   89.678099
  1863.000000   69.925035
  1864.000000   54.456545
  1865.000000   56.040480
  1866.000000   68.990623
  1867.000000   98.177205
  1868.000000  100.000000
  1869.000000   91.077309
  1870.000000   84.380004
  1871.000000   87.229685
  1872.000000   99.692794
  1873.000000  100.000000
  1874.000000   93.778401
  1875.000000   79.137148
  1876.000000   58.798347
  1877.000000   45.047693
  1878.000000   37.355382
  1879.000000   32.840561
  1880.000000   29.572894
  1881.000000   29.209321
  1882.000000   28.594813
  1883.000000   25.989913
  1884.000000   23.703928
  1885.000000   24.298275
  1886.000000   25.240943
  1887.000000   25.982677
  1888.000000   26.821893
  1889.000000   27.350236
  1890.000000   28.309529
  1891.000000   29.174614
  1892.000000   28.191252
  1893.000000   27.273036
  1894.000000   30.092010
  1895.000000   34.498666
  1896.000000   40.615483
  1897.000000   49.548834
  1898.000000   61.522929
  1899.000000   86.687375
  1900.000000  100.000000
  1901.000000  100.000000
  1902.000000  100.000000
  1903.000000  100.000000
  1904.000000  100.000000
  1905.000000   84.099680
  1906.000000   54.153344
  1907.000000   45.740118
  1908.000000   39.070603
  1909.000000   34.603743
  1910.000000   31.253454
  1911.000000   27.571642
  1912.000000   24.815586
  1913.000000   23.687561
  1914.000000   24.202179
  1915.000000   24.543368
  1916.000000   24.117576
  1917.000000   23.815884
  1918.000000   23.242952
  1919.000000   22.829003
  1920.000000   23.059784
  1921.000000   23.582275
  1922.000000   23.672643
  1923.000000   23.318082
  1924.000000   23.029771
  1925.000000   23.048149
  1926.000000   23.064823
  1927.000000   22.735324
  1928.000000   22.342091
  1929.000000   21.934835
  1930.000000   21.569665
  1931.000000   21.835231
  1932.000000   22.419528
  1933.000000   22.757722
  1934.000000   22.717189
  1935.000000   22.617416
  1936.000000   22.232392
  1937.000000   21.908909
  1938.000000   21.462629
  1939.000000   21.050638
  1940.000000   20.943773
  1941.000000   20.919417
  1942.000000   20.970395
  1943.000000   21.081606
  1944.000000   21.159560
  1945.000000   21.187098
  1946.000000   21.154028
  1947.000000   20.981790
  1948.000000   20.817907
  1949.000000   20.746850
  1950.000000   20.687623
  1951.000000   20.663255
  1952.000000   20.649532
  1953.000000   20.804026
  1954.000000   20.999114
  1955.000000   21.263015
  1956.000000   21.573548
  1957.000000   21.764322
  1958.000000   21.648603
  1959.000000   21.539814
  1960.000000   21.279747
  1961.000000   21.054715
  1962.000000   21.062448
  1963.000000   21.088354
  1964.000000   21.082460
  1965.000000   21.067094
  1966.000000   20.998578
  1967.000000   20.890614
  1968.000000   20.806967
  1969.000000   20.769941
  1970.000000   20.729397
  1971.000000   20.643533
  1972.000000   20.562828
  1973.000000   20.446100
  1974.000000   20.334448
  1975.000000   20.233705
  1976.000000   20.139079
  1977.000000   20.092480
  1978.000000   20.078151
  1979.000000   20.058616
  1980.000000   20.031554
  1981.000000   19.989536
  1982.000000   19.895792
  1983.000000   19.802166
  1984.000000   19.675430
  1985.000000   19.548477
  1986.000000   19.481357
  1987.000000   19.420388
  1988.000000   19.301877
  1989.000000   19.149407
  1990.000000   19.024654
  1991.000000   18.918646
  1992.000000   18.807173
  1993.000000   18.673889
  1994.000000   18.553226
  1995.000000   18.556454
  1996.000000   18.557723
  1997.000000   18.538206
  1998.000000   18.516120
  1999.000000   18.631179
  2000.000000   18.803695
  2001.000000   18.965211
  2002.000000   19.140524
  2003.000000   19.248767
  2004.000000   19.310785
  2005.000000   19.389297
  2006.000000   19.523163
  2007.000000   19.640893
  2008.000000   19.739440
  2009.000000   19.828722
  2010.000000   19.914113
  2011.000000   19.998531
  2012.000000   19.985858
  2013.000000   19.955320
  2014.000000   20.035466
  2015.000000   20.181963
  2016.000000   20.264054
  2017.000000   20.308073
  2018.000000   20.298020
  2019.000000   20.192476
  2020.000000   20.102022
  2021.000000   20.028236
  2022.000000   19.961423
  2023.000000   19.914472
  2024.000000   19.871225
  2025.000000   19.793279
  2026.000000   19.704166
  2027.000000   19.617208
  2028.000000   19.521494
  2029.000000   19.466237
  2030.000000   19.432318
  2031.000000   19.408101
  2032.000000   19.393699
  2033.000000   19.374668
  2034.000000   19.310374
  2035.000000   19.254131
  2036.000000   19.188272
  2037.000000   19.121730
  2038.000000   19.105714
  2039.000000   19.093532
  2040.000000   19.059101
  2041.000000   19.000647
  2042.000000   18.983567
  2043.000000   19.001222
  2044.000000   18.985993
  2045.000000   18.889145
  2046.000000   18.813022
  2047.000000   18.830204
  2048.000000   18.844600
  2049.000000   18.884098
  2050.000000   18.922457
  2051.000000   18.975147
  2052.000000   19.034068
  2053.000000   19.028133
  2054.000000   19.019700
  2055.000000   18.966534
  2056.000000   18.897998
  2057.000000   18.874878
  2058.000000   18.916855
  2059.000000   18.969136
  2060.000000   19.035309
  2061.000000   19.062047
  2062.000000   18.956054
  2063.000000   18.855178
  2064.000000   18.876569
  2065.000000   18.897192
  2066.000000   18.932222
  2067.000000   18.970472
  2068.000000   18.990452
  2069.000000   19.009373
  2070.000000   18.970475
  2071.000000   18.907743
  2072.000000   18.862368
  2073.000000   18.838252
  2074.000000   18.830170
  2075.000000   18.846467
  2076.000000   18.855472
  2077.000000   18.823663
  2078.000000   18.807775
  2079.000000   18.756544
  2080.000000   18.704033
  2081.000000   18.646341
  2082.000000   18.589302
  2083.000000   18.582526
  2084.000000   18.590058
  2085.000000   18.549013
  2086.000000   18.471363
  2087.000000   18.417244
  2088.000000   18.399963
  2089.000000   18.389633
  2090.000000   18.376478
  2091.000000   18.365774
  2092.000000   18.361066
  2093.000000   18.350038
  2094.000000   18.302338
  2095.000000   18.255052
  2096.000000   18.227813
  2097.000000   18.202795
  2098.000000   18.168587
  2099.000000   18.123525
  2100.000000   18.119430
  2101.000000   18.127122
  2102.000000   18.102425
  2103.000000   18.067756
  2104.000000   18.039089
  2105.000000   18.029749
  2106.000000   18.021742
  2107.000000   17.994271
  2108.000000   17.967214
  2109.000000   17.930398
  2110.000000   17.889329
  2111.000000   17.860272
  2112.000000   17.834446
  2113.000000   17.829372
  2114.000000   17.823728
  2115.000000   17.815842
  2116.000000   17.811045
  2117.000000   17.805064
  2118.000000   17.792762
  2119.000000   17.823052
  2120.000000   17.897852
  2121.000000   17.925635
  2122.000000   17.871331
  2123.000000   17.803381
  2124.000000   17.738012
  2125.000000   17.678226
  2126.000000   17.653465
  2127.000000   17.632968
  2128.000000   17.588229
  2129.000000   17.541886
  2130.000000   17.550728
  2131.000000   17.569723
  2132.000000   17.539678
  2133.000000   17.495060
  2134.000000   17.451652
  2135.000000   17.410108
  2136.000000   17.395877
  2137.000000   17.393240
  2138.000000   17.382060
  2139.000000   17.348035
  2140.000000   17.298977
  2141.000000   17.216078
  2142.000000   17.143364
  2143.000000   17.137989
  2144.000000   17.135436
  2145.000000   17.140514
  2146.000000   17.144916
  2147.000000   17.155721
  2148.000000   17.168559
  2149.000000   17.201782
  2150.000000   17.237666
  2151.000000   17.215155
  2152.000000   17.170048
  2153.000000   17.125494
  2154.000000   17.093009
  2155.000000   17.092168
  2156.000000   17.123150
  2157.000000   17.137001
  2158.000000   17.094717
  2159.000000   17.065205
  2160.000000   17.077023
  2161.000000   17.079706
  2162.000000   17.069289
  2163.000000   17.054735
  2164.000000   17.034518
  2165.000000   17.013857
  2166.000000   17.032920
  2167.000000   17.056608
  2168.000000   17.009892
  2169.000000   16.952514
  2170.000000   16.867555
  2171.000000   16.765120
  2172.000000   16.746067
  2173.000000   16.769916
  2174.000000   16.770730
  2175.000000   16.730558
  2176.000000   16.706450
  2177.000000   16.714163
  2178.000000   16.702701
  2179.000000   16.674292
  2180.000000   16.637599
  2181.000000   16.556354
  2182.000000   16.481751
  2183.000000   16.488023
  2184.000000   16.489039
  2185.000000   16.371048
  2186.000000   16.249834
  2187.000000   16.213791
  2188.000000   16.188940
  2189.000000   16.187666
  2190.000000   16.178069
  2191.000000   16.153736
  2192.000000   16.120147
  2193.000000   16.094204
  2194.000000   16.085025
  2195.000000   16.048758
  2196.000000   15.974036
  2197.000000   15.906214
  2198.000000   15.857760
  2199.000000   15.841383
  2200.000000   15.908002
  2201.000000   15.927518
  2202.000000   15.819764
  2203.000000   15.717832
  2204.000000   15.622282
  2205.000000   15.524800
  2206.000000   15.533259
  2207.000000   15.534692
  2208.000000   15.477211
  2209.000000   15.423555
  2210.000000   15.466583
  2211.000000   15.511287
  2212.000000   15.467293
  2213.000000   15.398379
  2214.000000   15.328265
  2215.000000   15.282429
  2216.000000   15.216755
  2217.000000   15.134729
  2218.000000   15.096152
  2219.000000   15.061842
  2220.000000   15.028662
  2221.000000   15.030906
  2222.000000   14.951634
  2223.000000   14.703880
  2224.000000   14.497426
  2225.000000   14.391918
  2226.000000   14.299635
  2227.000000   14.277146
  2228.000000   14.245960
  2229.000000   14.171875
  2230.000000   14.099279
  2231.000000   13.998915
  2232.000000   13.897633
  2233.000000   13.740743
  2234.000000   13.573305
  2235.000000   13.412769
  2236.000000   13.256683
  2237.000000   13.064867
  2238.000000   12.861393
  2239.000000   12.687585
  2240.000000   12.525390
  2241.000000   12.373288
  2242.000000   12.224159
  2243.000000   12.130008
  2244.000000   12.088830
  2245.000000   12.011315
  2246.000000   11.882924
  2247.000000   11.735515
  2248.000000   11.573399
  2249.000000   11.418835
  2250.000000   11.289485
  2251.000000   11.155470
  2252.000000   10.984316
  2253.000000   10.828048
  2254.000000   10.785868
  2255.000000   10.748107
  2256.000000   10.646446
  2257.000000   10.534982
  2258.000000   10.453611
  2259.000000   10.372499
  2260.000000   10.331971
  2261.000000   10.295576
  2262.000000   10.212357
  2263.000000   10.116932
  2264.000000   10.092431
  2265.000000   10.089414
  2266.000000   10.159044
  2267.000000   10.252309
  2268.000000   10.313247
  2269.000000   10.363512
  2270.000000   10.334803
  2271.000000   10.244192
  2272.000000   10.171594
  2273.000000   10.112180
  2274.000000   10.057528
  2275.000000   10.028210
  2276.000000    9.980916
  2277.000000    9.896752
  2278.000000    9.848386
  2279.000000    9.863024
  2280.000000    9.915594
  2281.000000   10.069630
  2282.000000   10.194073
  2283.000000   10.196797
  2284.000000   10.193223
  2285.000000   10.162637
  2286.000000   10.120514
  2287.000000   10.001033
  2288.000000    9.884597
  2289.000000    9.774035
  2290.000000    9.663459
  2291.000000    9.800608
  2292.000000    9.944568
  2293.000000    9.932333
  2294.000000    9.910241
  2295.000000    9.911894
  2296.000000    9.917890
  2297.000000    9.934390
  2298.000000    9.956020
  2299.000000    9.955238
  2300.000000    9.944723
  2301.000000    9.895479
  2302.000000    9.833706
  2303.000000    9.876883
  2304.000000    9.974850
  2305.000000   10.004682
  2306.000000    9.991523
  2307.000000   10.017530
  2308.000000   10.071096
  2309.000000   10.078297
  2310.000000   10.037794
  2311.000000   10.073669
  2312.000000   10.199360
  2313.000000   10.287504
  2314.000000   10.320289
  2315.000000   10.332651
  2316.000000   10.310546
  2317.000000   10.350963
  2318.000000   10.521966
  2319.000000   10.676377
  2320.000000   10.785895
  2321.000000   10.883036
  2322.000000   10.934775
  2323.000000   10.971394
  2324.000000   10.954857
  2325.000000   10.931351
  2326.000000   10.872577
  2327.000000   10.820540
  2328.000000   10.819353
  2329.000000   10.820029
  2330.000000   10.865053
  2331.000000   10.907306
  2332.000000   10.861877
  2333.000000   10.815508
  2334.000000   10.800499
  2335.000000   10.783056
  2336.000000   10.751647
  2337.000000   10.722274
  2338.000000   10.661760
  2339.000000   10.594747
  2340.000000   10.537895
  2341.000000   10.472957
  2342.000000   10.582290
  2343.000000   10.733546
  2344.000000   10.679027
  2345.000000   10.573171
  2346.000000   10.497456
  2347.000000   10.436354
  2348.000000   10.458723
  2349.000000   10.511851
  2350.000000   10.665161
  2351.000000   10.838101
  2352.000000   10.773465
  2353.000000   10.605089
  2354.000000   10.549565
  2355.000000   10.555442
  2356.000000   10.610429
  2357.000000   10.677203
  2358.000000   10.772215
  2359.000000   10.919457
  2360.000000   10.977947
  2361.000000   10.961719
  2362.000000   10.863842
  2363.000000   10.699266
  2364.000000   10.686800
  2365.000000   10.839475
  2366.000000   10.979714
  2367.000000   11.077597
  2368.000000   11.101821
  2369.000000   11.052598
  2370.000000   11.085846
  2371.000000   11.173321
  2372.000000   11.139757
  2373.000000   10.973125
  2374.000000   10.931650
  2375.000000   11.112424
  2376.000000   11.192788
  2377.000000   11.066646
  2378.000000   10.974975
  2379.000000   10.965821
  2380.000000   11.074123
  2381.000000   11.429308
  2382.000000   11.629577
  2383.000000   11.465179
  2384.000000   11.278871
  2385.000000   11.042467
  2386.000000   10.999666
  2387.000000   11.299635
  2388.000000   11.518125
  2389.000000   11.573357
  2390.000000   11.511992
  2391.000000   11.174320
  2392.000000   10.904043
  2393.000000   10.791337
  2394.000000   10.677378
  2395.000000   10.611226
  2396.000000   10.566919
  2397.000000   10.592695
  2398.000000   10.644755
  2399.000000   10.770007
  2400.000000   10.825991
  2401.000000   10.741121
  2402.000000   10.732302
  2403.000000   10.887565
  2404.000000   10.975443
  2405.000000   10.893352
  2406.000000   10.858973
  2407.000000   10.796851
  2408.000000   10.679763
  2409.000000   10.640490
  2410.000000   10.655149
  2411.000000   10.686121
  2412.000000   10.672365
  2413.000000   10.624267
  2414.000000   10.564183
  2415.000000   10.357041
  2416.000000   10.167229
  2417.000000   10.098663
  2418.000000   10.155181
  2419.000000   10.664593
  2420.000000   11.007462
  2421.000000   10.917234
  2422.000000   10.891174
  2423.000000   11.140269
  2424.000000   11.300537
  2425.000000   11.108206
  2426.000000   11.058284
  2427.000000   11.378987
  2428.000000   11.618033
  2429.000000   11.320441
  2430.000000   10.869366
  2431.000000   10.411015
  2432.000000   10.174984
  2433.000000   10.234435
  2434.000000   10.141210
  2435.000000    9.879230
  2436.000000    9.790895
  2437.000000   10.313624
  2438.000000   10.814862
  2439.000000   10.832567
  2440.000000   10.858326
  2441.000000   10.906493
  2442.000000   10.763105
  2443.000000   10.415674
  2444.000000   10.270435
  2445.000000   10.878297
  2446.000000   11.447594
  2447.000000   10.920966
  2448.000000   10.190061
  2449.000000    9.957497
  2450.000000    9.672076
  2451.000000    9.123697
  2452.000000    9.169800
  2453.000000   10.243889
  2454.000000   10.904238
  2455.000000   10.712428
  2456.000000   10.527258
  2457.000000   10.692821
  2458.000000   10.783586
  2459.000000   10.686787
  2460.000000   10.338281
  2461.000000    9.574871
  2462.000000    9.050417
  2463.000000    8.669231
  2464.000000    8.465550
  2465.000000    8.773645
  2466.000000    8.749882
  2467.000000    8.254085
  2468.000000    8.457066
  2469.000000    9.561446
  2470.000000   10.174268
  2471.000000    9.899628
  2472.000000    9.971814
  2473.000000   10.570339
  2474.000000   10.658838
  2475.000000   10.484339
  2476.000000    9.999367
  2477.000000    9.257426
  2478.000000    9.394850
  2479.000000   10.815675
  2480.000000   12.624572
  2481.000000   13.317654
  2482.000000   13.590139
  2483.000000   13.450851
  2484.000000   15.091763
  2485.000000   20.192076
  2486.000000   23.610273
  2487.000000   24.990870
  2488.000000   28.508773
  2489.000000   32.539012
  2490.000000   32.670305
  2491.000000   30.445648
  2492.000000   27.747262
  2493.000000   25.764870
  2494.000000   32.366189
  2495.000000   35.032818
  2496.000000   27.939062
  2497.000000   27.960771
  2498.000000   32.640223
  2499.000000   32.435281
  2500.000000   30.212978
