293.75
310.125
324.375
298.625
296.5
272.9375
269.25
280.5
305.75
321.625
350.75
354.75
341.25
345.5625
342.875
341.9375
340.625
356.5
361.9375
378.75
417
479.875
568.25
656.125
753.75
815.25
849.1875
872.625
896.5625
902.1875
909.4375
911.125
903.25
889.625
879
869.375
850.9375
825.0625
794.9375
759.5
734.875
713.3125
713.4375
711
711.875
711.8125
707.875
701.6875
687.9375
684.125
685.6875
688.5
690.5
700.375
707.9375
732.3125
789.0625
863
981.125
1110.1875
1276
1481.125
1691.125
1902.6875
2162.25
2395.4375
2616.875
2814.75
3040.875
3257.75
3461.8125
3609
3748.375
3908.4375
3998.6875
4089.6875
4170.5625
4158.75
4165.125
4245
4259.375
4301.5625
4250.1875
4274.75
4265.5
4270.5
4281.875
4291.375
4300.5
4311.1875
4323.25
4350.625
4373
4392.6875
4449.6875
4482.3125
4496.6875
4527.3125
4533.8125
4545.8125
4543.8125
4526.125
4512.8125
4509.5
4533.875
4510.375
4486.875
4536.75
4546.5
4549.75
4639.0625
4655.25
4490.1875
4545.3125
4506.875
4474.3125
4427.75
4418.5625
4394.0625
4448.9375
4480
4506.8125
4588.3125
4597.875
4649.25
4701
4720.8125
4742.875
4748.5
4782.3125
4804.25
4816.75
4833
4843.125
4851.5
4875.5
4895.25
4900.9375
4897.3125
4902.625
4896.3125
4873.5
4841.1875
4815.375
4800.5
4825.9375
4804.75
4824.9375
4703.375
4644.5
4547.125
4524.5625
4442.6875
4420.125
4259.9375
4271.1875
4207.5
4194
4253.0625
4292.625
4338.75
4369.1875
4393.5625
4405.0625
4471.375
4501.1875
4532.875
4563.25
4595.25
4639.0625
4680
4734.0625
4773.0625
4832.6875
4881.4375
4903.5625
4909.6875
4910.875
4926.125
4914.125
4909.9375
4881.375
4849.375
4831.1875
4786.75
4769.0625
4736.75
4712.625
4688.5625
4753.9375
4838.1875
4779.4375
4733.3125
4819.1875
3135.5
3062.4375
3107.875
3098.8125
3233.1875
3057.125
3186.9375
3130.9375
3107
3096.8125
3089.3125
3068.8125
3097.6875
3152.625
3206.6875
3238.25
3285.875
3339.1875
3372.875
3409.5625
3440.6875
3470
3499.375
3521.875
3542.9375
3569.5625
3574.125
3612.75
3650.875
3667.5
3692.6875
3708.125
3710.8125
3724
3767.0625
3771.875
3769
3778.3125
3734.625
3684
3628.8125
3565.8125
3504.125
3538.25
3610.125
3646.4375
3656.75
3664.1875
3713.6875
3712.375
3681.5625
3661.75
3626.9375
3611.1875
3590.3125
3592
3573.9375
3571.75
3546.6875
3526.6875
3473.9375
3485.625
3446.625
3452.25
3442.1875
3470.1875
3557.5625
3610.3125
3629
3770.5625
3844.5625
2585.375
2464.3125
2489.125
2444.0625
2450.25
2458.25
2450.9375
2444.9375
2508.8125
2413.25
2487.5625
2508.4375
2483.375
2576.25
2583.5
2616.875
2682.3125
2696.875
2729.4375
2751.0625
2759.125
2752.6875
2760.75
2730.3125
2678.9375
2676.1875
2654.125
2650.625
2644.375
2619.8125
2614.625
2557.9375
2529.3125
2504.875
2447.8125
2445.3125
2523.25
2566.3125
2569.9375
2504.375
2519.125
2573.5
2604.625
2600.5625
2552
2559.75
2592.625
2634.375
2642.25
2645.25
2646.6875
2629.125
2578.3125
2510.1875
2447.3125
2406.5
2298.375
2218
2182.4375
2152.125
2176.5
2198.875
2189.625
2200.5625
2220.3125
2202.8125
2182.4375
2151.5
2133.125
2086.625
2065.6875
2055.5625
2005.125
1934.25
1880.8125
1878.25
1891.5
1888.375
1876.625
1814.1875
1788.5
1779.75
1786
1786.5625
1801.0625
1808.125
1734.8125
1712.8125
1739.5
1776
1755.625
1804.3125
1704.5625
1633.75
1673.125
1639.6875
1490.3125
1492.6875
1637.5
1600.0625
1597.8125
1641.1875
1800.375
1775.625
2012.5
