238.5
309
371.5
292.25
312.75
316
290.75
300
316
325
350.25
345.75
331.75
331.25
325.75
320.5
312.75
321
318.75
328
328.25
345.5
360.5
350.75
361.5
379
385.25
409.75
444
466
498.25
519.25
544.25
553.25
575.5
594.25
613.25
628.25
638.5
657
711
773
878.75
1027.5
1205.5
1402.75
1621.75
1829.75
2006.75
2154.75
2278.5
2375.75
2447
2489.75
2524.75
2563.75
2588.25
2615
2647.5
2682.75
2700.5
2748.5
2804.5
2848
2971.5
3063
3192.75
3316.75
3508.25
3625.5
3782
3870.25
4001.5
4142
4214.5
4294
4437.25
4370.25
4336.75
4443.5
4469.75
4507.75
4447.25
4473.25
4473.75
4477.5
4491
4520.5
4492.5
4495.75
4509.75
4547
4571.25
4598.75
4667.5
4699.5
4712.75
4740.25
4741.25
4753
4761.5
4742.5
4747.5
4730.5
4766.75
4707
4716.25
4771.5
4752
4786.25
4909.25
4982.5
4642.5
4765.75
4705.25
4712.5
4636
4606.5
4603.5
4687.25
4701
4750.75
4816.75
4832.5
4881
4937.5
4954.75
4970.75
4979
5006
5004.25
5027.75
5043.75
5036
5061.25
5077
5104.75
5113.25
5074.75
5087.75
5074
5071.5
5024.5
5028
4988.25
5008.5
5001.75
5081.5
4929.25
4794.25
4634
4699.25
4572.75
4648
4423.5
4471.75
4404.25
4392
4469
4509.75
4568.75
4593.75
4620.25
4636.5
4721.5
4732.75
4786.25
4792.75
4847.5
4889.25
4920
4979
5016.5
5076.5
5151.5
5148.75
5162.25
5168.75
5169.5
5150.5
5157
5133.5
5093.75
5076.75
5048.25
5053.25
4985.5
4990.75
4963.25
5052
5216.25
5125
5110.75
5326
3595.5
3500.75
3656.25
3653.5
3834.75
3486
3694.5
3629.25
3576.25
3572
3564.25
3541.75
3546
3615.75
3659.5
3692.25
3759
3805.75
3839.25
3855
3872.5
3900
3933.25
3965
3976.25
4002.25
3995.75
4026.75
4084
4077.25
4113.5
4128.25
4122.5
4133
4168.5
4170.75
4154.25
4151
4094
4027.25
3926.75
3832
3725.75
3767
3861.75
3923.5
3950
3970.75
4055.75
4047
4013
3990
3952.25
3932
3927.75
3929.75
3923.25
3909.75
3896
3897
3828
3873
3839.5
3861
3828.25
3887.25
3971.75
4042.5
4066.25
4258.5
4353.75
2929.5
2835.75
2986
2927.5
2951
2980
2936.5
2972.75
3091.5
2821
2939.75
2970.5
2829.75
3060.25
3056.5
3092.25
3195.75
3196
3289
3262.25
3253.75
3269.25
3230.5
3177.25
3137
3104.5
3106.75
3105.5
3109.25
3053.25
3026
2954.25
2885.75
2848.5
2749.75
2735.25
2849.75
2924.5
2961.25
2855.75
2878
2966
3011.75
3018
2949.5
2936.5
2970.75
3066.5
3078.5
3078
3079.5
3036
2946.75
2845.5
2754.75
2698.75
2553.5
2424.75
2384
2339.5
2383
2436.5
2426.75
2459
2492
2478.5
2458.75
2420
2406.75
2355.25
2327
2327.75
2254.75
2165
2106
2117.25
2138.75
2129.5
2124.75
2054.75
2036.75
2039.75
2025.75
2060.5
2074
2076.25
1995.25
1977.5
2013.5
2075.25
2070
2124.25
1925.25
1881.5
1956.25
1886
1699
1727.75
1830.5
1807.5
1890.5
1918.5
2086.75
2047.75
2432.25
