948
1131.5
1277.25
1502.5
1664.25
2018
2590.5
3615.5
4767
5485.5
5800.75
5995.25
6154.5
6253
6038
5817.5
5633
5528.5
5522.25
5513.25
5401.25
5409
5322.25
5264.5
5253.5
5251.5
5236.5
5224
5194.5
5182.75
5113.75
5158.75
5164.75
5145.25
5143.25
5095.25
5083.5
5073.5
5069.5
5075.5
5055
5042.5
5089.5
5108.25
5127.75
5159
5192.75
5206.25
5230.75
5272.75
5291
5321
5358.25
5340.75
5386.25
5424.25
5427.75
5457.25
5535
5621
5679
5725.25
5738.75
5778
5836.25
5830.75
5811.5
5844
5882.25
5919.25
6003.5
5977.75
6014
6119.25
6231
6238.5
6305.75
6110.5
6311.25
6362.5
6381.5
6395.75
6311
6312.5
6277.25
6270
6248
6279.5
6267.5
6278
6302.25
6317.5
6370.5
6391
6466.5
6455
6447
6523.25
6536.25
6564.5
6529
6503.75
6503.25
6439.75
6414.5
6420.5
6391.5
6440.75
6448.25
6458.25
6496.5
6290.25
6188.25
6296
6241.75
6301.25
6249.75
6277.5
6322.25
6360
6390.5
6443.5
6491.25
6545.75
6605.25
6638.5
6654
6638
6652.75
6675.75
6693.25
6693.5
6704.75
6681.5
6698.25
6710.5
6668.75
6673.5
6687.5
6682.5
6670.5
6628.25
6620.5
6536.5
6522.25
6520.5
6472.25
6500.25
6269.75
5906.25
5881.75
6089.75
6122.25
6124.5
5948
5997.75
5995.25
6095.75
6098.5
6150.5
6204.5
6242.5
6261
6247.5
6309.75
6329.75
6378.75
6386.75
6430.5
6455.75
6512.5
6567.75
6601.5
6690.75
6720
6766
6772.75
6794.5
6785
6799
6806
6752.25
6735
6725
6679
6740.25
6694.75
6691.25
6763.5
6925
7038.25
7020.25
7050.75
7337.75
5243.75
5191.25
5288.75
5238.5
5212.5
4977.25
5063
5021.25
4869.75
4955
4916.5
4862.25
4907.75
4962
4989.25
5038.5
5033.5
5072.25
5077.25
5082.5
5116.25
5127.75
5152.75
5173.75
5186.75
5196.75
5191.25
5254
5268
5277.25
5336.5
5405.25
5464.25
5524
5559
5629
5666
5683.5
5737
5775.25
5778.5
5833.75
5889.75
5891
5920.25
5916.75
5939
5890.25
5862.25
5850.25
5797.25
5721.25
5735
5695.25
5720.25
5706.25
5713.25
5676.75
5605.25
5566
5512.25
5533.25
5505
5506.5
5467
5561
5674.25
5730
5758.75
5867.75
5943.75
3758
3917.5
4048.75
4023.5
4100.5
4182.5
4170.25
4213
4239
4050
4276.5
4262.25
4294.5
4346.5
4447
4468.25
4459
4444
4409.75
4264.75
4208.5
4166.75
4067
3951.25
3854
3772.25
3706.25
3653.5
3597
3556
3577.25
3619.5
3626.75
3656.5
3728.5
3784.5
3803.75
3846.5
3920.25
3946.25
3951
4013.5
4028.75
4071.5
4088.5
4163.5
4195.75
4204.75
4244
4336
4377.25
4359.75
4329
4351
4342
4320.5
4307.5
4260
4179.25
4036.25
3887.75
3737.25
3599.75
3517.25
3537.75
3579.25
3596.25
3569
3517
3486.25
3410
3329.75
3264
3199.25
3123.75
3063.25
3044
3036
3055.25
2990.5
2959.25
2961.5
2935
2947.25
2984
2947.25
2913.5
2938.75
2936
2904.5
2878.25
2950
2871
2758.25
2785.25
2724.75
2630
2592
2504.5
2396.25
2371.25
2268.5
2249.25
2086.25
2138.5
