1640.5
1604.75
1352.25
1397.25
1244
1197.25
1175.5
1177
1145.75
1126.5
1134
1117.75
1115.75
1125.25
1134.25
1118.75
1116.25
1129.75
1147.25
1172.25
1216
1255
1304.75
1360
1430.25
1482.75
1562.5
1631.5
1712.5
1814.5
1904.25
2019
2123.75
2245
2348.75
2469
2581.5
2693
2760.75
2863.5
2944
3000.75
3055.75
3124.75
3182.25
3241.5
3287.5
3314.75
3365.75
3419
3473.75
3528
3589.5
3663.75
3753
3847.25
3984
4132.25
4254.75
4385.75
4489.25
4595.25
4689
4804.75
4900.25
4919.75
4976.25
4985.25
5065.5
5137.75
5145.25
5199
5226.25
5347.75
5430.75
5486.75
5494.75
5383.75
5500.75
5561.25
5568.5
5604.5
5525.75
5514.5
5461.5
5453.75
5436.5
5447
5392.25
5380.75
5402.75
5416.5
5405
5436.5
5440
5439.5
5482.25
5490.25
5490.25
5472.25
5470.75
5428.75
5410.25
5372.25
5429.25
5352.5
5364.5
5466.5
5456.5
5421.25
5549.75
5459
5437
5452
5438.5
5509.75
5387.5
5421.75
5392
5438
5481
5535
5587
5662
5684.75
5723.75
5742
5806
5807.5
5810.25
5843
5857.5
5900.25
5918.5
5952.75
5967.25
5953.75
5970.25
6009.5
6026.5
6030.75
6027.25
6014
5986.75
6038.25
6093.75
6112.5
6154.25
6035.75
5875
5804.75
5888.75
5942.25
6020.5
5937.5
5941
5914
5924.25
6010.75
6060.75
6138
6229.25
6310
6352.5
6438
6505
6562
6637.5
6683.75
6744.25
6786.75
6827
6913.75
6947.75
7056
7093.25
7135.25
7141.75
7149.75
7160
7161.25
7151
7116.75
7084.75
7035.5
7139.5
7077.25
7089.5
7126
7326.5
7525.5
7634.25
7728
8009.5
7401.25
7268.75
7386.5
7366
7680.75
7290.75
7544.25
7323.25
7112.25
7125.75
7007
6851.25
6846.25
6881.75
6928.75
6945.5
6960.5
6998
6982.5
7003
7013.25
7020
7053.5
7021.5
7025.25
7000.5
6995.5
6998
7020.25
7018.5
7018.25
7005.25
7007.75
6950.25
6998.5
6962.75
6930.5
6856.25
6728
6572.5
6355
6118.75
5936.75
5991
6213.75
6302.25
6404
6482.25
6597
6658
6588.5
6523.75
6502.75
6499
6488.5
6532.75
6506.75
6516.25
6564.5
6575.5
6565.75
6570.5
6582.75
6615.25
6658.75
6793.75
6999
7070.5
7117.25
7460
7545.5
6600.25
6417.25
6415.75
6459.75
6346.25
6347.5
6290.25
6204
6340.75
6251
6198.75
6287.25
6266
6337
6447
6535.75
6621.25
6645.25
6718.25
6740.5
6738.5
6698
6620.75
6512.25
6327.75
6279
6243.25
6151.25
6093.25
6007.5
5844.75
5646
5507.75
5401
5164.25
5106
5282.25
5305.5
5173.75
4899.5
4826.75
5023.25
5092.75
5067.25
4956.75
4965.75
5026
5046.25
4990
4884.75
4756.25
4877.5
4937.5
4861.75
4741.5
4568.5
4273.5
4134.75
4103.25
4066.5
4157.75
4309.5
4309.5
4336.5
4360
4376.75
4335.25
4294.5
4206.5
4132.25
4103.75
4052.25
3937.75
3784.5
3679.25
3695.5
3763.5
3748.75
3766.75
3643.75
3582.5
3556.5
3603.5
3623.25
3689.5
3682.5
3498
3506.75
3592.25
3697.5
3699.25
3840
3583.5
3450.25
3452.75
3401
3018.25
3037.5
3398
3396.25
3336
3511.75
3692.75
3627.25
3747.25
