678.25
786.75
606.5
585.75
531.75
468.25
484.25
477.75
469.5
475.25
501.5
503
485
482.5
482
458.75
452.25
450
456.25
453.25
461.25
462.5
477.25
486.25
492.75
510.5
501.5
512.5
542.5
531.25
537.25
542
552
556.25
563.5
570.5
577.5
598.5
602.75
621.5
635
614.75
662.75
674.75
680.5
706.75
697.5
709.75
726.75
720
732
753
759.75
758.75
769
765.25
797.25
823.75
837.25
898
900.75
1004.5
1162
1356.25
1561
1814.75
2101.25
2392.75
2773.5
3168
3495
3809.25
4090.25
4404
4662.5
4844
4982.75
4971.25
5116
5237
5275.25
5341
5287.25
5291.25
5262
5252.25
5257.5
5276.5
5238.75
5237.5
5256.5
5267.5
5268.25
5302.75
5303.75
5303
5345.5
5369
5357.5
5366
5357.25
5324.75
5305.25
5276.5
5328.75
5258.25
5268.25
5355.5
5344
5323.5
5460.5
5360.5
5299
5353.25
5298.75
5369.25
5246.75
5283.5
5266.25
5312.5
5353
5393.25
5441
5515.25
5531.5
5563.75
5574.25
5613.5
5626.75
5631.75
5662
5660
5702.25
5717.5
5747.75
5740
5728
5735
5761.25
5772.25
5773.75
5766.75
5758.75
5731.75
5767.75
5811.5
5827.75
5891.75
5759.25
5570.25
5451.75
5567.5
5638.75
5706.75
5601.25
5637.75
5580.75
5588.5
5662.5
5700.25
5772.25
5845.25
5916.25
5960.25
6034.5
6076.5
6141.75
6201.75
6235.75
6288.5
6325
6364
6439.75
6466.5
6558.5
6594.75
6635.25
6637.75
6641.5
6639.5
6642.5
6627.75
6607.75
6580.75
6535.5
6640.75
6573.25
6600.25
6631
6834
7029.25
7151.5
7219.25
7538.75
6978.5
6847.25
6963.25
6955.25
7246.25
6857
7096.25
6884.5
6635
6644.75
6531
6383.5
6367.75
6399.5
6445.25
6446.25
6470
6495
6479.5
6495.5
6504
6508.25
6536.75
6507.25
6505.75
6477.25
6471
6474
6495.5
6490.75
6490
6478.75
6484.5
6432.5
6464
6438.75
6410.5
6333.5
6214.75
6066.25
5859.75
5630.5
5448.25
5487.75
5713
5800.25
5891.5
5973
6070
6145
6092.5
6028.5
6005.75
6003.75
5995
6035
6011.5
6019.25
6083
6085.25
6073.5
6092.5
6105.75
6139.25
6181.25
6303.25
6519.75
6574.25
6623
6971.25
7081
6334.75
6086.5
6108.25
6133.5
6034
6017.5
5961.75
5867.5
6014.75
5905.25
5820.25
5924.5
5905.25
5963.25
6048.5
6128.75
6217.25
6237.25
6306.25
6336.75
6319.75
6283.75
6217.75
6108
5941.5
5899.5
5857.25
5782.5
5740.25
5642
5495.75
5312
5176.75
5060.75
4836.25
4776.75
4970.75
5012
4921
4671.75
4605.25
4808.25
4895.25
4852.75
4741
4753.75
4825
4868.5
4826
4758
4650.5
4741.25
4750.25
4633.75
4512.75
4343
4050.75
3904
3859.75
3797.75
3898
4042.25
4059
4079.25
4126.75
4160
4120.5
4079.75
3997.25
3927.75
3902.75
3859
3753.25
3594
3499.5
3508.25
3588
3582
3614.5
3482.75
3438.75
3404.5
3466.5
3493.25
3547.25
3562.25
3377.25
3388.75
3452
3568.5
3578.75
3700.5
3459.25
3315.25
3321.5
3288
2918.25
2923.5
3260.75
3302
3257.5
3415.5
3669.25
3556
3607.75
